1.168967418967451977e+01
1.028701028701027553e+01
1.166817833484503808e+01
1.169167419167467870e+01
1.072471072471114439e+01
1.148714482047842012e+01
1.229883729883704291e+01
1.174321174321221406e+01
1.107522774189442316e+01
1.167089500422832771e+01
1.228732478732490563e+01
1.148289898289920075e+01
1.189580356247051895e+01
1.162039495372823694e+01
1.096714013380687902e+01
1.218168301501634687e+01
1.194608694608712085e+01
1.209535792869155557e+01
1.083954417287759497e+01
1.212612462612514719e+01
1.241529158195828586e+01
1.136817386817403985e+01
1.230038730038768335e+01
1.158835742169094374e+01
1.024636857970187975e+01
1.174972008305383042e+01
1.113881530548246701e+01
1.307898391231731239e+01
1.227124560457900770e+01
1.189306189306171291e+01
1.207844124510791062e+01
1.166094916094959899e+01
1.145576145576171712e+01
1.189654106320779192e+01
1.239634156300837731e+01
1.096885263551939715e+01
1.094977344977314715e+01
1.129170712504094354e+01
1.180755764089121840e+01
1.198528281861626965e+01
1.066955233621911248e+01
1.112611112611125463e+01
1.131549464882823486e+01
1.059062309062323948e+01
1.109310692644032770e+01
1.113678613678644069e+01
1.068292734959436530e+01
1.095078595078587114e+01
1.016592266592306260e+01
1.128110711444060144e+01
1.123245289911972122e+01
1.033418533418557672e+01
1.053040636374009864e+01
1.220054970054980004e+01
1.133876550543243411e+01
1.106160689494038252e+01
1.081483164816529552e+01
1.108366108366135450e+01
1.216648299981625314e+01
1.009675176341875158e+01
1.167206167206200007e+01
1.156320322987039617e+01
1.174440757774107169e+01
1.057860641193985884e+01
1.124231124231141621e+01
1.202550369217055959e+01
1.010110176776856861e+01
1.225236225236221799e+01
9.751088917755964758e+00
1.162540745874105141e+01
1.000588917255606702e+01
1.084004000670665846e+01
1.099783183116585406e+01
1.117168617168601941e+01
1.094127760794413007e+01
1.138145721479088479e+01
1.074473574473609006e+01
1.052297718964382511e+01
9.954576621243518275e+00
9.951905785238977842e+00
1.075551075551106806e+01
9.865322365322640508e+00
1.036562286562298141e+01
1.026227276227325547e+01
1.026023526023516297e+01
1.047579380912748093e+01
9.428917762251444401e+00
1.014426431093136216e+01
1.000707250707273488e+01
1.005663505663505930e+01
9.870980704313979004e+00
1.016938933605649709e+01
8.920829754163605685e+00
9.841830675164032982e+00
9.443226109892975728e+00
1.047363964030637362e+01
9.925480758814387627e+00
1.035816035816048952e+01
9.600926267592967633e+00
9.975805809139501434e+00
1.036953120286455032e+01
1.002316418983104995e+01
1.006463089796443455e+01
1.023718523718537199e+01
9.844922344922906632e+00
1.066806483473158096e+01
9.895955729289539704e+00
1.075445242111902644e+01
1.022449355782714520e+01
9.858193191526765986e+00
8.911596411596633516e+00
9.075809075809047499e+00
1.006711840045215922e+01
9.499330332663703302e+00
9.839926506593201339e+00
9.400705234038355229e+00
9.037279870613247112e+00
9.908997408997606726e+00
9.785118118451919145e+00
9.327775994442845331e+00
9.999143332476592150e+00
9.171788338455485246e+00
8.755121255121594004e+00
9.236675903342757010e+00
8.820454653788488031e+00
8.096853930187080550e+00
9.418130251464049252e+00
8.819246319246758503e+00
8.770012936680245730e+00
8.705046205046642172e+00
8.607633607633715656e+00
9.469755303089073095e+00
9.532805366138518366e+00
8.975567308900622265e+00
9.233809233809324724e+00
9.411242744576270525e+00
8.975904809238841153e+00
9.357605190938670603e+00
9.334721834722017775e+00
9.140896640896698955e+00
1.008628925295624867e+01
8.919117252450746491e+00
7.848445348445466152e+00
8.799679633013170132e+00
8.561241894575118749e+00
9.755743089076304386e+00
8.770658770658769754e+00
9.833480666814125470e+00
9.567763734430627665e+00
9.388734388734746972e+00
9.794684794684940243e+00
9.407038573704994633e+00
9.257184257184576381e+00
8.842621342621555414e+00
9.398867732201324543e+00
9.264809264809059641e+00
9.024442357775569690e+00
8.922958922959082884e+00
8.850379683712958467e+00
8.778037944704806250e+00
8.063895563895812302e+00
8.634475301142174430e+00
8.097578930912504802e+00
7.558365891698940686e+00
7.689295189295535238e+00
7.599870099870031481e+00
8.544404377737805589e+00
7.561349228015842527e+00
7.620390953724495375e+00
7.803786970454098082e+00
8.389670889670924225e+00
7.566232566232656609e+00
7.441540774874169983e+00
7.471899138566072907e+00
8.280983280983718942e+00
7.991128824462521152e+00
8.672908672908874905e+00
8.222149888816829844e+00
7.852637019303756460e+00
8.389550056216762641e+00
8.242183242183614311e+00
8.779967113300585879e+00
8.278229111562495746e+00
8.092595592595671405e+00
8.616683616683872060e+00
8.472608472608612828e+00
8.336991670325232917e+00
8.954913121580034385e+00
8.750096250096248696e+00
8.562325228992449411e+00
8.638758638758758934e+00
9.221313387979989784e+00
8.008224674891721406e+00
9.136763303430711858e+00
7.445765779099588144e+00
8.829012995679931919e+00
7.675491008824565142e+00
9.097496597496501636e+00
8.217024883691465220e+00
9.313725980392405290e+00
7.361336528003221247e+00
7.393794893795075041e+00
7.351053184386955763e+00
7.414961581628404019e+00
7.786599453266148885e+00
7.096327929661470080e+00
7.368599035265901875e+00
7.690091023424088235e+00
7.840966174299410341e+00
8.258291591625265937e+00
7.491340824673898169e+00
7.865041198374683518e+00
8.062833062833419717e+00
7.454982454982655327e+00
7.396949063615920750e+00
7.191765525098958278e+00
7.287573954240997409e+00
7.121498788165695260e+00
6.907298573965363175e+00
7.386757386757608401e+00
7.776778610111932721e+00
7.937712104378874756e+00
8.126766460099815959e+00
7.313003146336995997e+00
6.943802777136170334e+00
7.196694696695089988e+00
7.049461216128293017e+00
7.627699294365925198e+00
8.149128982462684689e+00
8.157887324554053521e+00
7.491057491057745210e+00
7.569607569607569530e+00
7.807470307470566695e+00
8.397812564479750108e+00
7.797311963978813765e+00
7.339011505678627145e+00
7.602874269541075591e+00
8.206624873291843869e+00
7.611282611282717880e+00
7.274098940765611587e+00
6.182297848964935838e+00
7.441069941069827109e+00
6.302556302556126866e+00
7.192061358728210507e+00
7.542295042295450003e+00
7.230648897315745671e+00
6.789510956177423395e+00
6.774277607611111307e+00
7.194694694695158432e+00
6.875531875531919468e+00
6.476160642827608172e+00
6.124306124306144739e+00
7.444311610978388671e+00
7.222340555673781637e+00
6.857177690510980028e+00
7.205348872015747475e+00
6.350648017314597382e+00
6.743710910377899381e+00
7.018494518494662771e+00
7.272490605823691112e+00
7.232723899390521183e+00
6.931798598465434225e+00
7.712320212320378232e+00
7.501182501182597662e+00
7.468399135066078998e+00
6.642956642956733049e+00
7.354074020740995365e+00
6.912594412594671667e+00
8.198074864741897727e+00
6.996456996457368405e+00
6.996290329623661819e+00
6.690510857177741855e+00
8.395279228612935185e+00
7.027077860411282018e+00
7.137794637794740993e+00
7.700011866678778460e+00
7.644403477736886998e+00
6.946594446594190231e+00
6.547331547331623369e+00
7.498949165615954371e+00
7.691291024624433703e+00
6.412581412581516815e+00
5.972280972281055256e+00
6.346573013240117689e+00
6.680160846827675414e+00
7.234757234757353217e+00
6.975194475194598454e+00
7.081707081707236284e+00
7.105148771815720465e+00
7.455136621803603703e+00
6.171889505223020933e+00
7.303411470078117418e+00
6.333823000489701371e+00
6.795656795657237126e+00
7.258148924815600367e+00
7.450011616678807513e+00
7.347061513728249338e+00
7.960441293775033955e+00
7.342186508853615123e+00
7.469207469207617578e+00
8.462479295812840974e+00
6.269731269731323664e+00
7.600249266916307533e+00
7.046973713640682035e+00
8.188987355654035127e+00
7.972637139304083576e+00
8.005995505995542771e+00
7.190182190182326849e+00
6.691190024523507418e+00
7.298398965065871380e+00
7.965620465620986579e+00
8.174766508100105966e+00
7.872487039154066224e+00
8.483066816400423704e+00
7.971991305324991117e+00
8.027553860887451265e+00
7.858512025179493321e+00
7.359853193186836506e+00
7.957287123954188246e+00
8.563696063696284000e+00
8.072337239004014009e+00
8.115174781841801632e+00
7.190890524224187175e+00
7.093007093007486219e+00
7.421844921845263343e+00
7.388582388582335625e+00
7.378044878044988764e+00
7.272707272707521042e+00
7.601090934424291845e+00
7.947782947782911833e+00
7.320698987365858557e+00
8.048099714766522084e+00
7.164369664370155988e+00
7.155311321978388150e+00
6.951894451894418125e+00
8.207683207683203364e+00
8.004233004232901294e+00
7.625515958849632625e+00
7.743595243595564170e+00
7.535407535407443902e+00
7.043119543119587433e+00
6.901215234548544686e+00
7.488336655003990927e+00
7.392419892420093674e+00
7.605499272166071023e+00
6.898311064978088325e+00
6.971594471595039977e+00
7.387628220961687475e+00
7.483994983995103212e+00
7.476990810324309678e+00
7.762282762282779913e+00
8.096891430225014119e+00
7.682011848678826027e+00
7.256169756169697393e+00
7.319544819544944403e+00
7.671799338466371410e+00
7.455869955869957266e+00
7.272507272507596099e+00
8.166224832891771257e+00
7.680611847278896676e+00
7.317507317507192965e+00
7.537495037495318684e+00
7.880478713812181013e+00
8.242554075887483123e+00
6.840315173648832570e+00
7.619795119795185201e+00
6.337998004664541440e+00
6.618639951973477764e+00
7.567615900949022034e+00
7.553965887299455062e+00
7.188819688819762632e+00
7.412994912995145569e+00
7.001136167802883392e+00
7.987174653841407235e+00
7.920503753837351724e+00
8.204999871666700528e+00
8.124799791466784882e+00
7.170882170882578066e+00
7.421224087891005183e+00
7.984032984032978675e+00
6.899861066527932962e+00
7.612107612108161447e+00
7.278744778744908217e+00
6.924736091402792226e+00
7.324248990915634749e+00
7.213653046986223671e+00
7.884599551266433082e+00
7.563874230541046018e+00
7.369099035765884764e+00
7.230228063561980889e+00
7.425082425082450754e+00
7.092994592994955383e+00
7.411461578128637484e+00
6.849431849432221497e+00
8.227679061012509010e+00
8.175704009037190190e+00
6.734148400815115565e+00
7.561849228516052790e+00
8.050441383774682436e+00
8.209637376304272038e+00
7.588403421736870769e+00
8.094108094108378282e+00
7.906041239374530960e+00
6.620964954298301564e+00
7.632715966049545386e+00
7.600240933574582414e+00
6.684081684081888852e+00
8.139741473074764144e+00
6.094010260677237056e+00
7.054657054657127446e+00
7.650853484186995956e+00
6.292835459502384765e+00
6.588689922023263534e+00
7.424907424907701170e+00
6.806081806081579089e+00
6.819556819556964911e+00
5.978647645314595138e+00
6.768723435390256782e+00
5.718330718330889795e+00
5.934689268022566466e+00
6.984061150727484346e+00
7.296819796819931980e+00
7.034315367649128348e+00
7.220182220181982302e+00
6.380906380906594677e+00
7.684049350716122717e+00
7.145132145132038204e+00
7.530303363636903669e+00
6.355110521777646682e+00
6.520510687177420550e+00
6.404277237610699558e+00
6.900640233973717841e+00
7.332448999115740662e+00
6.757885924552624601e+00
6.574777408110662691e+00
7.245036411703381418e+00
6.547885714552535319e+00
7.431657431657868074e+00
7.309315642649153233e+00
5.985601818935151641e+00
6.741023407690022395e+00
7.899091232424893860e+00
6.957302790636504142e+00
7.594086760753839371e+00
7.313653146986780484e+00
7.104552937886523978e+00
6.234318734318890165e+00
7.668941002274550556e+00
7.613482613482801753e+00
7.685641018974365579e+00
6.678481678481944073e+00
6.732110898777932562e+00
6.730510897177850893e+00
6.871856871857175975e+00
6.548464881798395254e+00
6.630769130769408548e+00
5.384267884268069793e+00
5.632930632930651882e+00
5.682530682531023558e+00
6.176997843664821630e+00
6.830665163999128708e+00
5.523897190564071025e+00
5.597093097093420511e+00
6.214010380677336798e+00
5.474538807872249890e+00
6.144964478297993082e+00
6.671348338014922774e+00
6.563802397135987121e+00
6.732531732532038404e+00
6.045643545643770267e+00
6.584923251589998472e+00
5.889176722509887441e+00
5.963785130452151861e+00
5.878639211972881640e+00
6.774890108223644347e+00
6.622835789502801163e+00
6.502364835698472234e+00
6.554302387636084859e+00
6.241672908339864989e+00
7.470257470257479326e+00
4.584708751375615066e+00
5.696030696031129992e+00
6.568239901573178940e+00
6.205114538448242456e+00
5.484917984918070033e+00
5.624188957522392229e+00
5.273605273605312505e+00
4.591333758000700982e+00
7.302911469578020842e+00
4.912846579513484357e+00
3.717003717003763086e+00
7.259923926590886367e+00
5.194305194305229634e+00
5.226392726392873556e+00
6.871052704385988363e+00
6.675627508960928935e+00
5.780105780106055136e+00
5.483267983268206081e+00
6.501310667977350022e+00
6.279743779744080712e+00
6.002506002506038385e+00
7.161865495198640019e+00
5.814205814206047762e+00
5.847435014102075002e+00
3.968737302070394435e+00
5.910422577089434526e+00
6.271235437902191734e+00
5.323996990664113582e+00
6.690419190419447659e+00
6.009060175727086062e+00
5.760530760530741645e+00
6.033968533968504744e+00
4.441271107938177920e+00
5.802939136272811993e+00
5.703230703230815379e+00
5.276526109859560165e+00
5.231305231305441339e+00
4.987400820734251283e+00
4.576950410283984638e+00
5.626568126568486150e+00
6.251435418102346375e+00
5.196926030259533036e+00
4.888704888705092344e+00
4.764804764804807746e+00
5.048130048130701653e+00
4.722221388888328875e+00
5.979705979706295693e+00
4.565833732500664155e+00
5.847443347443572748e+00
4.258812592146114184e+00
6.135610302277314076e+00
5.476134642801412156e+00
5.042371709038548033e+00
5.137396804063541822e+00
5.155125988459531072e+00
5.500134666801614003e+00
4.942842442843016215e+00
5.833460000126933664e+00
4.494491994492250342e+00
4.706225539559113713e+00
4.729783896450953762e+00
4.451221117888053413e+00
5.157867657867996058e+00
5.198592698593188288e+00
6.038906038906020513e+00
5.183546850214156620e+00
6.391414724748187837e+00
4.390683557350371302e+00
4.914050747383839735e+00
5.356409523076195001e+00
5.345447012114163954e+00
5.746764080097591432e+00
5.635322301989276639e+00
5.802968302968679382e+00
6.375568875569001648e+00
5.649109815776796495e+00
3.898195564862362517e+00
5.600268100268294802e+00
4.853667353667447060e+00
5.686834853501522957e+00
3.989316489316820480e+00
5.064500897834818716e+00
4.805350638683876241e+00
4.167700001033608714e+00
4.435316935317018761e+00
3.798124631458222211e+00
4.646692146692430470e+00
5.196171862838809830e+00
3.694007860674332733e+00
3.953787287120690053e+00
3.347361680695371433e+00
3.939262272595897230e+00
4.097837431170887612e+00
3.767878767878755752e+00
3.517378517378801916e+00
4.119612452945602854e+00
3.947645614312250473e+00
4.025116525116459343e+00
4.167712501045798490e+00
3.048990548990559546e+00
4.647012980346403310e+00
4.305337638671403511e+00
3.497832664499355815e+00
4.169654169654336329e+00
3.697699531032753839e+00
4.081266581266618232e+00
4.687083853750550588e+00
4.192637525970894785e+00
3.920245586912301405e+00
5.236401069734256453e+00
3.924978924979086514e+00
3.768728768728806244e+00
3.844637177970867015e+00
4.326933493600222391e+00
3.922745589412443223e+00
3.953678953679172992e+00
3.350199183532936331e+00
3.911362244696192647e+00
4.314854314854756012e+00
4.468887802221502170e+00
3.846162179495536293e+00
2.990965490965891149e+00
3.423715923716486031e+00
3.380361713695151593e+00
2.980990480990726610e+00
2.544973378306622180e+00
2.953082119748728473e+00
3.218065718065759029e+00
3.929353929354078900e+00
4.111241611241666760e+00
3.477786811120267885e+00
3.314911648245015385e+00
3.262849096182776520e+00
3.463790963791325339e+00
3.421345088012003544e+00
3.299749133082627850e+00
2.956536289869745815e+00
3.043278043278291989e+00
4.211350044683285887e+00
3.275715775716093958e+00
2.685856852523897942e+00
2.881661214994892362e+00
3.785687119020622049e+00
3.836920503587634812e+00
3.927758094425030322e+00
3.671453671453832612e+00
3.717545384212030513e+00
3.183911517244951028e+00
3.803720470387361274e+00
3.814632981299837411e+00
4.054837388170767554e+00
3.942945609612252156e+00
4.266979266979433305e+00
3.116928116928193049e+00
2.812790312790752978e+00
4.111174944508547924e+00
2.755690255690410595e+00
3.232524065857433015e+00
3.149748983082645282e+00
3.271632438299548085e+00
3.641957808624738391e+00
3.871878871878948303e+00
3.885458052124931783e+00
3.502886836220454825e+00
3.385632552299398412e+00
3.652261985595487204e+00
2.705827705827573482e+00
3.173786507119871203e+00
2.794052794052845456e+00
2.742152742152825340e+00
3.532149365483064685e+00
3.443140943141315802e+00
3.242928242928542204e+00
2.359502359502471336e+00
2.407331573998362728e+00
3.306903306903791417e+00
2.430681597348552714e+00
3.278136611470131356e+00
2.778873612207121369e+00
2.544365044365122230e+00
3.579403579403447111e+00
2.494431661098701625e+00
2.553906720573650091e+00
2.800323633657058053e+00
2.845561178894399745e+00
3.633399466732953442e+00
3.802337135670541102e+00
2.681206847873340848e+00
3.395074228407679584e+00
3.082098915432652575e+00
2.465639965640775699e+00
3.292907459574166751e+00
3.543995210661705642e+00
2.916611249944821793e+00
3.008894675561577969e+00
2.437181603848443956e+00
1.950376950377403773e+00
2.901544568211420483e+00
2.603265103265698599e+00
2.736511069844596022e+00
1.993518660185372937e+00
1.991768658435603356e+00
2.638635971969506500e+00
1.948431115098173905e+00
2.652935986269199020e+00
3.041753041753054276e+00
3.566157732824422055e+00
3.363495030161743671e+00
3.471086804420110639e+00
2.989869656536598086e+00
2.425360758693841490e+00
2.641269307935999677e+00
2.773548606882172862e+00
2.956607123274352489e+00
3.057003057003385038e+00
2.770948604282352790e+00
2.512965012965196365e+00
2.421119087785996271e+00
2.403010736344072029e+00
3.139736473070001921e+00
2.448489948489964263e+00
3.043940543940607313e+00
1.597139097139233854e+00
2.457873291206851718e+00
1.735185068518376283e+00
1.796518463185407199e+00
1.981493648160608245e+00
2.123397956731423619e+00
2.394348227681462049e+00
1.794293460960261655e+00
2.145877145877193470e+00
3.001748835082480582e+00
2.659577659577848863e+00
2.299893966561057823e+00
2.662969329636325710e+00
2.951127951128000859e+00
1.796793463460289786e+00
1.759664259664646124e+00
2.244964744964590864e+00
2.514010847344593458e+00
1.852051852052113645e+00
2.060510393843969723e+00
2.193035526369385479e+00
1.881693548360544810e+00
1.830064330064487876e+00
2.161552161552322104e+00
2.585015085015584191e+00
1.920118586785292791e+00
2.697898531231885499e+00
2.506215006215370522e+00
2.970757137424357097e+00
1.659247492580902872e+00
2.687381854048908281e+00
2.987798821132287230e+00
2.982761316094297399e+00
2.641419308086028650e+00
2.553498386832075084e+00
2.616435949769311264e+00
3.849949683283170998e+00
1.766764266764653257e+00
3.112382279048915734e+00
2.671069337736184934e+00
2.678881845548858109e+00
2.651006817673760452e+00
2.731086064419287140e+00
1.792522625856122431e+00
2.660144326811064275e+00
2.531360864694534030e+00
2.841723675057323817e+00
3.024719691386508202e+00
3.124082290749470303e+00
2.278323111656732181e+00
2.289539789540071979e+00
1.988847822181583069e+00
2.684890184890377895e+00
2.517344184011108155e+00
2.711144377811137929e+00
2.398048231381949336e+00
3.093553093553509825e+00
1.229692896359779297e+00
2.098852098852034942e+00
2.618810952144372095e+00
2.676206842873739333e+00
3.315990815990971896e+00
3.201290701291100049e+00
1.609789109788948736e+00
2.347081513748435100e+00
3.629653629653716962e+00
2.121977121977351999e+00
2.888232054898935530e+00
3.229069895736984108e+00
1.988243654910547775e+00
2.266577266577655791e+00
2.956369623036493977e+00
2.310939810939885319e+00
1.986860320193727603e+00
1.062676062676246147e+00
1.998122831456498716e+00
2.573460906794593939e+00
1.597564097564372787e+00
1.637951637951800876e+00
1.379843046510018212e+00
1.539289039289201355e+00
2.511715011715182300e+00
1.576130742797545281e+00
2.020831187498174586e+00
2.445464945465005258e+00
2.353635686969255403e+00
2.330152330152486684e+00
1.854551854552028090e+00
2.336969003635886111e+00
1.924222757556435681e+00
2.530377530377450057e+00
2.909698743031981394e+00
2.767665267665393003e+00
1.539451539451874851e+00
2.048397881731489178e+00
1.900443567110414733e+00
2.393031559698556521e+00
1.976376976377082428e+00
2.201135534468789956e+00
2.055443722110453564e+00
2.310410643744148729e+00
2.665915165915180296e+00
2.213252213252189904e+00
2.065956232623079813e+00
2.026685360018859683e+00
1.530122363456143830e+00
7.931216264549902917e-01
2.434927434927772083e+00
2.140477140477287321e+00
1.241713741713851960e+00
1.357180523847318909e+00
1.245709579043023041e+00
2.683598516931738232e+00
2.527390027390197247e+00
1.540668207334988438e+00
1.535922369256354614e+00
1.605072438405841240e+00
1.972039472039682551e+00
2.785490285490368478e+00
1.794889294889685516e+00
1.502226502226562843e+00
2.676152676153037646e+00
1.430818097484916507e+00
2.010056176723537646e+00
1.694426694426738322e+00
1.640914140914105701e+00
1.673993340660331341e+00
1.428501428501704140e+00
2.732677732677871063e+00
2.195273028606948174e+00
3.313199146532838313e+00
1.907343574009928489e+00
6.617131617133509280e-01
2.080114580114809542e+00
1.177280343947018082e+00
1.778780945447806516e+00
3.569811903145364340e+00
1.314801314801457011e+00
9.188842522175946215e-01
1.942401942401829729e+00
2.457964957964918540e+00
2.419185752518956178e+00
2.027018693685363360e+00
2.310389810389665399e+00
2.471973305307074043e+00
3.096723930057692087e+00
2.595069261736171029e+00
2.431802431802566389e+00
2.884636217969728023e+00
2.205460538794341119e+00
2.274427274427353041e+00
3.002757169424057793e+00
1.356459689793155121e+00
2.022202022202009175e+00
2.827190327190464814e+00
2.397514897515179655e+00
2.802706969373616630e+00
2.822302822303186076e+00
3.397024230357942542e+00
2.350806517473301938e+00
2.056818723485662304e+00
2.099485432818823938e+00
1.950885284218770721e+00
2.054577054577407580e+00
3.061186394520291287e+00
2.631244297911166541e+00
1.945385278718845257e+00
2.733944400611335368e+00
-1.391568474901794161e+01
-2.024261607594917223e+01
-1.585210751877400526e+01
-1.625418708752044950e+01
-1.683009183009164644e+01
-1.351570101570075622e+01
-1.842752676086013253e+01
-1.371702205035524003e+01
-1.420061420061404078e+01
-1.484586901253567248e+01
-1.561680728347391778e+01
-1.331197997864660465e+01
-1.304607137940467965e+01
-1.474237307570626854e+01
-6.587569087568795112e+00
2.028318694985500770e+00
-7.311403144736345894e+00
2.218610551943811515e+00
-6.679465012797891177e+00
-7.568603401937252784e+00
2.444748278081760873e+00
2.768073601406854323e+00
2.351439851439977247e+00
2.287877287877563504e+00
3.094928094927922757e+00
2.311935645268931694e+00
-7.285532285532326569e+00
-7.996332996332739640e+00
1.190672024005402818e+01
1.262129178795873941e+01
1.255730839064165139e+01
1.269219602552948345e+01
1.307993807993830160e+01
1.299938799938820466e+01
1.130698630698657325e+01
1.201981201981243430e+01
1.174096590763269887e+01
1.243694160360837486e+01
1.249399582732962699e+01
1.163322829989488127e+01
1.278372528372563011e+01
1.226166226166253637e+01
1.273235856569237967e+01
1.241573324906676135e+01
1.216659133325799758e+01
1.315897982564672475e+01
1.368298868298938942e+01
1.279582529582546613e+01
1.243964577297901997e+01
1.202759952759981843e+01
1.404449321116010196e+01
1.114328614328655931e+01
1.342295508962195072e+01
1.315454232120930556e+01
1.365597615597664571e+01
1.577934077934082779e+01
1.168090751424108475e+01
1.141218224551573712e+01
1.277267527267542846e+01
1.344739678072994593e+01
1.374542207875583699e+01
1.277420860754250498e+01
1.295339212005887930e+01
1.459282292615648657e+01
1.253687503687547178e+01
1.271410438077123217e+01
1.297583380916728402e+01
1.272683356016716516e+01
1.261380011380015276e+01
1.235433735433741731e+01
1.257031257031258065e+01
1.273742940409647417e+01
1.322983406316768651e+01
1.331482164815497526e+01
1.243749577082951419e+01
1.246390413057065416e+01
1.292843792843814299e+01
1.376805960139301988e+01
1.008407675074374765e+01
1.015054765054799191e+01
9.756218089551339290e+00
1.039269372602723251e+01
9.684659684659891354e+00
1.100411100411133702e+01
1.031038947705633291e+01
1.047749381082746822e+01
1.003859753859796911e+01
9.845659845659952225e+00
9.424951091617913335e+00
9.977072477072738366e+00
1.060588560588587370e+01
1.006557673224369864e+01
9.048767382100777468e+00
8.959233959234438771e+00
9.300259300259199335e+00
9.566142899476403727e+00
9.371901038567671094e+00
9.716368049701827658e+00
1.070363153696530389e+01
9.639992973326457104e+00
9.347592680926595676e+00
9.881668215001809585e+00
9.802876469543207349e+00
1.027374360707710821e+01
9.293246793247021742e+00
9.527384527384583635e+00
9.809155642489372440e+00
9.378342711676282306e+00
9.957768291101615432e+00
9.733409733409985165e+00
9.975997475997587571e+00
1.003911837245186689e+01
1.022152272152300156e+01
1.102498602498633318e+01
1.021632271632302036e+01
1.009549342882723977e+01
1.060663560663601857e+01
1.048589798589785005e+01
1.056628556628584192e+01
9.699243032576418955e+00
1.079973579973614051e+01
9.937972437972803164e+00
1.048488131821477509e+01
1.018813518813556129e+01
1.087824837824848601e+01
9.636447136447486628e+00
1.031418531418523798e+01
9.736651403318546727e+00
1.073373990040681747e+01
1.100851517518185574e+01
1.088980672313994091e+01
1.042928542928552815e+01
9.863747363747620511e+00
1.082046915380237806e+01
9.470671970672356110e+00
1.070541903875266598e+01
9.511051177718172767e+00
1.035088535088584649e+01
1.053543970210660063e+01
1.043592710259383693e+01
1.087342754009432610e+01
1.068148151481500463e+01
1.061801895135249652e+01
9.430842764186309068e-02
2.947502947529301309e-02
9.713743047076604853e+00
1.107843607843608424e+01
1.083803167136477441e+01
1.034113950780670166e+01
1.081246914580265184e+01
1.071736071736074791e+01
1.025356858690236095e+01
-1.594751594751414814e+00
1.020202270202298678e+01
-1.119171952504984802e+00
-1.556834890164964236e-01
6.963173629842458467e-01
-9.503467836799472934e-01
1.031813115146474047e+01
1.123302373302385604e+01
-8.599216932549325065e-01
9.527601194268186191e+00
1.037195620528962081e+01
9.406276072943001054e+00
1.036456453123139454e+01
1.034783118116456535e+01
1.027062693729362763e+01
1.091064007730687990e+01
1.068639818639849182e+01
1.003258503258496148e+01
1.100304850304883075e+01
1.117599867599892605e+01
9.071600738267534325e+00
9.942247442247548861e+00
9.721243054576689246e+00
1.042925209591874136e+01
1.034408534408532887e+01
1.025798942465621622e+01
1.033364366697719561e+01
1.043472710139405990e+01
1.070146486813212050e+01
1.170537420537425533e+01
1.083654416987758395e+01
1.125870709204048126e+01
1.052537302537336927e+01
1.018011434678112437e+01
1.015544765544791517e+01
1.068845235511912506e+01
9.693922193922276165e+00
1.001619751619762155e+01
1.121413204746579595e+01
1.024283940950613214e+01
1.140298223631555175e+01
1.021753105086486357e+01
9.157284157284607318e+00
1.110293193626512220e+01
1.039384372717699989e+01
9.896001562668629958e+00
9.712509712509699966e+00
1.029596446263144571e+01
1.028686862020231274e+01
1.005661422328103072e+01
1.073330239996948876e+01
1.124429041095731918e+01
1.079561079561096903e+01
1.104444437777783605e+01
1.047833131166498788e+01
9.994368327701522503e+00
1.007850591183932920e+01
1.064819814819838939e+01
1.037476454143120463e+01
1.030359780359810884e+01
9.749918083251714052e+00
1.004651837985193197e+01
1.043736460403147248e+01
9.772618105951323741e+00
1.089346506013202998e+01
9.551080384413694446e+00
1.021966855300206589e+01
9.364076030743035517e+00
9.733226399893396774e+00
1.073229406562722943e+01
1.022306438973134846e+01
1.140160723494034301e+01
9.938784938785261147e+00
1.072106905440284663e+01
1.105738605738645219e+01
1.092887759554457716e+01
1.121604038270743331e+01
1.011161011161016177e+01
9.886730720064406341e+00
1.029350196016866903e+01
1.121856955190287408e+01
1.017644767644787862e+01
1.029689779689761053e+01
1.035419785419799155e+01
9.770893104226615833e+00
1.030790614123918658e+01
9.828993162326810307e+00
1.043686460353126222e+01
9.361726028392922672e+00
1.029046862380209859e+01
1.028874362207750437e+01
9.085034085034294549e+00
9.855526522193144956e+00
9.476067809401570230e+00
1.045374378707720098e+01
9.943605776939079988e+00
9.284280117613775474e+00
9.916484916485160284e+00
9.872926539593663620e+00
9.702051368718116464e+00
1.029388946055644283e+01
9.980930814264524997e+00
1.052683969350675852e+01
1.084053584053617669e+01
9.624142957476465199e+00
9.529205362538618829e+00
8.537771037771108240e+00
9.197692531025836615e+00
8.937496437496520230e+00
9.536151202817904959e+00
9.106063272730352764e+00
8.943600610267253614e+00
9.338121838121992369e+00
9.105659105658901353e+00
8.615371115371544875e+00
9.441601108267946074e+00
9.208521708522198423e+00
8.847258847258899550e+00
9.197796697796775334e+00
9.447009447009349969e+00
8.954388121054989824e+00
9.484309484309733307e+00
9.893684893685076531e+00
9.319350986017752803e+00
9.012950679617802052e+00
9.288400955067800169e+00
9.030379863713392297e+00
8.693721193721671625e+00
9.972647472647622635e+00
9.957947457947739167e+00
1.038988955655656810e+01
9.932868266201921870e+00
1.035357702024396076e+01
8.526208526208279181e+00
9.303913470580482681e+00
9.455313621980280914e+00
9.120279953613589896e+00
9.226505059838927991e+00
9.852993186326443720e+00
8.824854658187632594e+00
8.751283751283949641e+00
8.828579661912840493e+00
9.289321789322229961e+00
9.122792456125580429e+00
1.001216001216027962e+01
9.255905089238353867e+00
9.410355243688854898e+00
9.174942508276217268e+00
9.940872440872567495e+00
9.572647072647100686e+00
8.480070980070991027e+00
9.376155209488956643e+00
1.004584754584789152e+01
1.013891013891043258e+01
9.638709638709542560e+00
9.785734785734803154e+00
9.256438423105464608e+00
9.420646920646959188e+00
9.786059786060263832e+00
1.004782254782264772e+01
8.727183727183728479e+00
8.812229645562979385e+00
9.564984564984911231e+00
1.062846062846051609e+01
9.708847208847373622e+00
9.252175918842567626e+00
9.823172323172570941e+00
9.720351387017785783e+00
1.015165598498913369e+01
1.012298512298525566e+01
1.016489766489780777e+01
8.450345950346218160e+00
9.921580754914316458e+00
8.514629347962909378e+00
8.837867171200628036e+00
9.133463300130301832e+00
9.421134421134524928e+00
7.825570325570765817e+00
9.529880363213464989e+00
8.891050557717676384e+00
9.507072007072224551e+00
8.983608983609087772e+00
8.811846311846352364e+00
8.704158704158658111e+00
9.558713725380812321e+00
9.170467503801432940e+00
9.282425949092726114e+00
9.530767864101449049e+00
9.819526486193581150e+00
8.976754810088436898e+00
9.268492601826324062e+00
9.097788264455175522e+00
8.718587885254578396e+00
9.294930128263786173e+00
9.434884434884452276e+00
8.169604002937376208e+00
8.336716670050122957e+00
8.492291825625102319e+00
1.014359764359790006e+01
7.918362085028888941e+00
9.675376342043250588e+00
9.312696812696572124e+00
8.789704623038119280e+00
9.446842780176666565e+00
9.152867486200875646e+00
9.461313627980530327e+00
9.636192969526405250e+00
8.122945622945962896e+00
9.154392487725999672e+00
8.599996099996474186e+00
9.437188603855247493e+00
8.516158516158611747e+00
8.239158239158768993e+00
9.243442576776260466e+00
8.036874703541570852e+00
9.259088425755180651e+00
9.502880336213593182e+00
9.310859310859314064e+00
1.042333542333540208e+01
9.662409662409800148e+00
1.050400633733977429e+01
9.790001456668392166e+00
1.024956441623146475e+01
8.924379757713381878e+00
8.271629104962698875e+00
9.471463638130671825e+00
9.898359898360240550e+00
8.412687579354155787e+00
9.473388640055418364e+00
9.076129909463020340e+00
8.294679128012830915e+00
8.873692207025669632e+00
1.086502753169429525e+01
8.628233628233715535e+00
8.564837731504439944e+00
9.076979910313411892e+00
8.643879477212863094e+00
8.647866981200650116e+00
8.678000344667339050e+00
9.251288417955038312e+00
9.340346840347137913e+00
8.404875071542051046e+00
7.898687065354010883e+00
8.446725113392062667e+00
8.508916842249959700e+00
8.994350661017733728e+00
8.106099772766583555e+00
9.037550704217437669e+00
7.740028573361882991e+00
8.643846143846531049e+00
9.102942436276066474e+00
8.907400574067310117e+00
7.754328587661802885e+00
8.676233676233550796e+00
8.219837386504082133e+00
8.575641908975740080e+00
8.556046056046284320e+00
8.723521223521629508e+00
8.289670789670935847e+00
9.589572089572470759e+00
8.883704717038312992e+00
8.993504826838488952e+00
8.288441621775064050e+00
8.869592202925673519e+00
9.369601036267681593e+00
8.070349737016385916e+00
9.062713229380165103e+00
9.225225891892705476e+00
9.019713186379931358e+00
8.167879001212440926e+00
8.294312460979313073e+00
7.859991193324617598e+00
8.821875488541991217e+00
9.470859470859409157e+00
8.458862625529377510e+00
8.265949932616877049e+00
9.337476004142786223e+00
8.538062704729554753e+00
9.598030431363667958e+00
8.949996449996433512e+00
9.110642443976303184e+00
7.958707958708373553e+00
8.662712829379415780e+00
8.687521187521497268e+00
8.854958854959136261e+00
7.963749630416714353e+00
9.548055381388735441e+00
8.564796064796610153e+00
1.089240672573998836e+01
8.559350226017159002e+00
1.032531032531051096e+01
8.828912995579571543e+00
1.033210199876896240e+01
9.317555150888779281e+00
1.028626445293116376e+01
9.202996702996983913e+00
8.358458358458506154e+00
8.826129659463276766e+00
8.284420784420944983e+00
9.237392570726115082e+00
9.006929840263182996e+00
8.843658843658886326e+00
9.150446650447065622e+00
8.991783991784245700e+00
9.652884652884722527e+00
9.613317946651477541e+00
8.364916698250226545e+00
1.050095216761928896e+01
1.067520234186895323e+01
8.424791758125252272e+00
8.786525453192211899e+00
8.779767113101001996e+00
7.839845339845282979e+00
8.765396265396475428e+00
7.873274539941348849e+00
7.655328488662007658e+00
7.545049211716104764e+00
8.208883208883548832e+00
7.954795454795657861e+00
8.459187625854042381e+00
6.939227772560911944e+00
8.258954092287808635e+00
7.710128543461905792e+00
7.663649330316388841e+00
7.792407792407743727e+00
7.886745386745587894e+00
7.755261921928763513e+00
7.723949390615985067e+00
8.054374721041313023e+00
8.096999763666644867e+00
7.599520099520077565e+00
8.251937418604256891e+00
8.449012615679521332e+00
8.300962467629005914e+00
8.443375110041870357e+00
9.103459103459613289e+00
8.227412394079124169e+00
9.460488627155655195e+00
8.089824756491566404e+00
8.492162658829784050e+00
8.450450117116815818e+00
9.069759069759470549e+00
8.827242160575679009e+00
7.775924442591303887e+00
8.095637262304308024e+00
8.548533548533782778e+00
7.932378765712883251e+00
7.888603721937215596e+00
7.858837025504044504e+00
8.947438114104897977e+00
7.521453354786785894e+00
8.393475060141895483e+00
8.504212670879383040e+00
8.233133233133344220e+00
7.815216148549893660e+00
8.082712249379142122e+00
8.523441856774979897e+00
8.241712408379498811e+00
8.540104373437770846e+00
8.479275145942210656e+00
8.818262984929901904e+00
7.934095434095638666e+00
7.782332782332900933e+00
8.629883629883806861e+00
8.778321278321413956e+00
8.506371006371523436e+00
8.414937581604363004e+00
8.272762439429357073e+00
7.947249613916142152e+00
8.216612383278743437e+00
7.992116325449615033e+00
8.474516807850250188e+00
8.659446159446588354e+00
8.590933590933673258e+00
7.486015819349290723e+00
8.745487912154771948e+00
8.760887927554563248e+00
8.605941939275112418e+00
7.389265722599475339e+00
8.481829315162940475e+00
7.692332692332570332e+00
7.801045301045633096e+00
6.927198593865568910e+00
7.503449170116027744e+00
6.881048547715295172e+00
7.490494990495449201e+00
6.998231998232199658e+00
6.884740218073716278e+00
8.516429349762802303e+00
7.759495259495338360e+00
7.324023990690761821e+00
8.885292218625750138e+00
8.204554037887419327e+00
8.421675088341885385e+00
7.826003659337516183e+00
8.295641628974635751e+00
7.695186861853471783e+00
7.763899430566539195e+00
8.407304240637699877e+00
7.440957440957618019e+00
7.530807530807919647e+00
7.700024366691081923e+00
7.248582248582238208e+00
7.894616227950109533e+00
7.483136649803441287e+00
7.673324339991495435e+00
7.176273842940872782e+00
8.161353994687942759e+00
7.622503455837090769e+00
8.394825061491928864e+00
7.809982809983125662e+00
7.405640738974170745e+00
8.019670519670512476e+00
9.010763177429794268e+00
7.580557580557865549e+00
7.547503380837156328e+00
7.463669963670440666e+00
8.440358440358636472e+00
8.701446201446515261e+00
7.586799253466324444e+00
7.934620434620910601e+00
7.458299124965719784e+00
7.892382892383011495e+00
8.009878843212391075e+00
8.415575082242185090e+00
7.672670172670223110e+00
7.805749472416323442e+00
7.845962012628433513e+00
6.913956913957122197e+00
7.687803521137425378e+00
8.325062491729681824e+00
7.850466183799653663e+00
7.670211836878706890e+00
8.092558092558192584e+00
8.375825042492124339e+00
8.649275315942077214e+00
7.278898945565742906e+00
7.693245193245388691e+00
7.577595077595333350e+00
8.245345745345616706e+00
8.145174811841684459e+00
7.624749291416264896e+00
7.793795293795483303e+00
8.747612914280011864e+00
6.575919075919159695e+00
7.529157529157600948e+00
6.142060308727309348e+00
6.012739346072521585e+00
6.217022883689878654e+00
6.639031639031600207e+00
6.507056507056745431e+00
7.394861561528614402e+00
6.545139878473491990e+00
6.617460784127615625e+00
6.544589877923499444e+00
6.132151965485149958e+00
6.094122760789673521e+00
6.820048486715222680e+00
7.184532184532486099e+00
7.032090365423869116e+00
6.087543587543677859e+00
6.133918633919051899e+00
6.889215222548614292e+00
6.618619118619221808e+00
7.401928235261607369e+00
6.879644379644446417e+00
6.254110420777351464e+00
6.946223612890321419e+00
6.752623419290102902e+00
6.061618561618956846e+00
7.446044946044821700e+00
7.596274262941392408e+00
7.361315694649078978e+00
6.923469423469441608e+00
7.260573927240670855e+00
7.393340726674296093e+00
6.832481832481789752e+00
7.304807304807695800e+00
7.829228662562172758e+00
6.137539470873207392e+00
7.805157805157932671e+00
7.701341034674442199e+00
7.493428326761772951e+00
7.707882707882959039e+00
7.060127893461640269e+00
6.472198138864996508e+00
6.236985403652170135e+00
8.121691455024915740e+00
7.111069611069865459e+00
6.555931555932033916e+00
6.922777756111258896e+00
7.775770275770582884e+00
7.249132249132571815e+00
6.772723439390006206e+00
5.857805857806056338e+00
6.665823332490276698e+00
6.443618943618844241e+00
6.855511022177665836e+00
7.055161221827916052e+00
6.559981559981792998e+00
7.315219815219847987e+00
5.127238460572243639e+00
6.173377006710211390e+00
6.804931804932039086e+00
7.208936375603116176e+00
7.062248728915278662e+00
6.677644177643969670e+00
7.304257304257248506e+00
7.084002917336533756e+00
5.990714324047644368e+00
7.037986204653293498e+00
5.967668467668659105e+00
6.577331577331733570e+00
4.532379532379877674e+00
3.620957787624661250e+00
4.538042038042135573e+00
4.474675308008841057e+00
5.211084377751262764e+00
4.362166862167100589e+00
3.717999551333264208e+00
4.676529676529753488e+00
4.272000105334086584e+00
3.833628833629063593e+00
3.874803874804115367e+00
4.963929963930240774e+00
4.202800036133453432e+00
4.167050000383142105e+00
4.420529420529646814e+00
3.201486534819764529e+00
4.535433702100476694e+00
4.067179067179154117e+00
4.833646500313307115e+00
5.223630223630152614e+00
4.663854663854863247e+00
3.784095450761924440e+00
3.483011816345197076e+00
4.424516924517320149e+00
2.956194622861744392e+00
4.695883862550658705e+00
4.216633383300063542e+00
3.330361663695157404e+00
3.945312278645701554e+00
3.023078023078255683e+00
3.994608161275209568e+00
3.835070501737163795e+00
3.959087292420917947e+00
3.912158078824631957e+00
4.021987355320675306e+00
4.451716951717003212e+00
3.735207901874673553e+00
4.856963190296823996e+00
5.001405001405260009e+00
4.965125798459553152e+00
3.285665785666083138e+00
3.683512016845611470e+00
3.830891330891404323e+00
2.827727827727926524e+00
3.712366212366532636e+00
4.462821129488361294e+00
4.052991552991784374e+00
5.207742707742795574e+00
4.886809053475758446e+00
3.791695458362028148e+00
5.201876035209465954e+00
3.686332852999498755e+00
3.958108124775208125e+00
3.916687250020913780e+00
3.893370560037283212e+00
3.345157511824481844e+00
5.361180361180345244e+00
3.892874726208333414e+00
4.525929525929768715e+00
3.379161712495260872e+00
4.062474895808463771e+00
3.550745217411872545e+00
3.423399256732864160e+00
5.361884528551172480e+00
4.164479164479303108e+00
3.792574625908287089e+00
4.342196008863197676e+00
4.852975686309150660e+00
3.755637088970615878e+00
4.927063260396721489e+00
3.789541289541489277e+00
3.806224639558081435e+00
4.264579264579538176e+00
4.487491987492148837e+00
4.335283501950357277e+00
3.336040836041092916e+00
4.515633682300745022e+00
3.556086889420384978e+00
3.935333102000072358e+00
4.778075611409008161e+00
3.379815879815964763e+00
4.308891808891871733e+00
3.859099692433233031e+00
3.942749776083246616e+00
3.450353450353645712e+00
3.564328564328548055e+00
3.786207952874747207e+00
4.047583214249698358e+00
3.704762038095509524e+00
3.844716344716744061e+00
4.393037726371403551e+00
4.394604394604698427e+00
3.901899735233314459e+00
3.439082605749376853e+00
5.521288854622184772e+00
3.361753361753699210e+00
4.140295806962740244e+00
3.843274676608075424e+00
4.163829163829404933e+00
2.707490207490536704e+00
3.284382451049395968e+00
4.267183433850391339e+00
5.757276590610217681e+00
4.199945866612324608e+00
5.139892639892423176e+00
3.234057400723941100e+00
5.105892605892790925e+00
4.008537341871033277e+00
4.065862399196021215e+00
3.883816383816679263e+00
4.219233385900338362e+00
4.479716979717409231e+00
4.920750754084224354e+00
5.164284330951204538e+00
6.398148064814790814e+00
3.883466383466384286e+00
3.047757214423882033e+00
5.333976167309515404e+00
3.153553153553502852e+00
3.271194937861878316e+00
3.523495190161952451e+00
4.363525196858631716e+00
3.711616211616728833e+00
4.933050766384440067e+00
3.495170161837222622e+00
5.525793025793177549e+00
3.593945260612144921e+00
4.699246365913154477e+00
5.104217604217410553e+00
4.906717406717348240e+00
4.994875828209501378e+00
3.601920268587150531e+00
3.977645644312474360e+00
3.785574618908412958e+00
4.314445981113181006e+00
4.652862986196169004e+00
3.822995489662389446e+00
4.118366618366962939e+00
3.002590502590692267e+00
3.382807549474819098e+00
3.868274701608129362e+00
4.280370947037567930e+00
3.616553616553687789e+00
3.690553690554224886e+00
3.890528890529253658e+00
3.094386427719541643e+00
4.733658900325622199e+00
3.509491009491171098e+00
3.845399678733315341e+00
3.113236446570113003e+00
3.948578948579324788e+00
3.506920173586649980e+00
4.341321007988199199e+00
2.901294567961372195e+00
3.028173861507298170e+00
3.092182258849447862e+00
3.822716322716587456e+00
3.040253040253332983e+00
3.217261550594798791e+00
2.781419448086239754e+00
3.270036603370385819e+00
3.929003929004352358e+00
4.293137626471093427e+00
4.807238140571598706e+00
3.557853557853945858e+00
4.302766802767109766e+00
3.060098893432495970e+00
3.803612136945844213e+00
3.319407486074851477e+00
2.737619404285965174e+00
2.864594531261332122e+00
3.057336390669661341e+00
4.506079506079572639e+00
3.627482794149386791e+00
3.030073863407324097e+00
3.185361518695117411e+00
3.543766043766026996e+00
2.880848714182093318e+00
2.842469509136208217e+00
3.148682315349219607e+00
3.819699653033012510e+00
2.941452941453235326e+00
3.358540858541118723e+00
2.918623751957056811e+00
2.760269426936133641e+00
3.075557242224249421e+00
3.427003427003455727e+00
5.031313364646734954e+00
1.654839154839123694e+00
4.174458341125273364e+00
4.216400049733692867e+00
4.290754290754307476e+00
2.791911125244723735e+00
3.210015710015909463e+00
2.737261070594627199e+00
4.168179168179108274e+00
3.650028650028730226e+00
3.434299267632695774e+00
3.288953288953507581e+00
3.742653742653715199e+00
3.132507299173880710e+00
3.049253049253479730e+00
3.931258097925024231e+00
3.049482216148817315e+00
3.357770024437172651e+00
3.531253531253923938e+00
3.837153837154119174e+00
1.982818649485352580e+00
3.069223902557496331e+00
4.205754205754374198e+00
3.719582886250009324e+00
1.556309889643216593e+00
3.947270613937121198e+00
4.019833186499909061e+00
2.605181771848378958e+00
3.893603893604222321e+00
2.413194079860659258e+00
3.357611690945191185e+00
4.220604220604400325e+00
2.336448169781533579e+00
3.676182842849812005e+00
3.468686802020215509e+00
2.090747924081597375e+00
2.974902974902875030e+00
2.960673794006879689e+00
2.514935848269374219e+00
1.803893470560069545e+00
3.077573910907517529e+00
3.338182504849328325e+00
4.067849901183876682e+00
3.028732195399015836e+00
3.592778592778699931e+00
3.206690706690778825e+00
2.929607096274139622e+00
3.430845097512133179e+00
4.413296079962719887e+00
2.482877482877938746e+00
2.285673119006673915e+00
3.087473920807610739e+00
3.428432595099366154e+00
2.814981981649225418e+00
3.602645269312006349e+00
3.884474717808188871e+00
3.028540528540133892e+00
3.854616354616837270e+00
3.756087089420702796e+00
3.158911492245124464e+00
2.821323654657135194e+00
4.095495762162499886e+00
5.743168243168270237e+00
3.547545214211936582e+00
4.752971419638242878e+00
4.933046599713520663e+00
3.479382646049316463e+00
4.438100271433540911e+00
4.626454626454915342e+00
5.199771866438595680e+00
4.046820713487704779e+00
4.062041562042054466e+00
3.678053678054311604e+00
4.167962501295960465e+00
3.538041038040887543e+00
4.895504895504814158e+00
5.037821704488465002e+00
5.086925920259318445e+00
4.427916927917294743e+00
3.675887009220332402e+00
4.046579046579381611e+00
3.440257606924319589e+00
4.567408734075570464e+00
5.917380917381137806e+00
4.742183908850734042e+00
3.432057598724327363e+00
3.754199587532866644e+00
4.730829730829668733e+00
3.842408009075143127e+00
4.425996092663012860e+00
4.029304029304057622e+00
3.397749231082798360e+00
3.733766233766573350e+00
4.716275549609008522e+00
3.419240919241133270e+00
4.986192486192976503e+00
4.179400012733708536e+00
5.405155405155369408e+00
4.659804659804649418e+00
4.693863027196471194e+00
3.681282847949660209e+00
3.780720447387125205e+00
3.991116491116486031e+00
4.106433273100037695e+00
4.074649907983712183e+00
3.238578238578384116e+00
5.434913768247042754e+00
5.261751095084946428e+00
4.217862551195480592e+00
3.755832922499735105e+00
5.105605105605150129e+00
4.356621023287743810e+00
5.178721845388622569e+00
3.866608033274587797e+00
4.735225568559030762e+00
4.311316811316714848e+00
5.130730130730171368e+00
4.441021107688129632e+00
3.857541357541435900e+00
5.286892786893304219e+00
6.155968655968649728e+00
4.845313178646961205e+00
4.349925183258960715e+00
4.736492236492154007e+00
4.393900227233643818e+00
3.549345216011829507e+00
3.459528459528542044e+00
4.219570886237761442e+00
5.641843141843423837e+00
4.708304708304808628e+00
4.046870713537373376e+00
4.137349970683658285e+00
4.255437588771314950e+00
4.484896151562907107e+00
4.074604074604053494e+00
4.868713202046933475e+00
4.711767211767096342e+00
4.736058902725972075e+00
4.335096001763076856e+00
3.913658080324580624e+00
4.553458720125604486e+00
4.521012854346736276e+00
4.417575250908726048e+00
5.281659448326195161e+00
4.836475669809260580e+00
5.244955244955463058e+00
4.586729586729802577e+00
4.492600325934404282e+00
4.673417173417306003e+00
5.141200974534399393e+00
4.825467325467457158e+00
5.131442631443064784e+00
4.903846570513451297e+00
4.311400144733283923e+00
3.707366207366249000e+00
5.257580257580229954e+00
4.917996584663569593e+00
5.723043223043191574e+00
3.782049615383243690e+00
4.600796267463238109e+00
4.266625099958673673e+00
3.782782949449824628e+00
4.708108874775575714e+00
3.963141463141710119e+00
4.089608256274573250e+00
3.726682893349789083e+00
3.926091426091488756e+00
3.930166430166536884e+00
3.925262258595807907e+00
4.029166529166673172e+00
3.473582640249674114e+00
4.501492001492238160e+00
4.878709045376012909e+00
4.246150079484095841e+00
4.958354958355243980e+00
4.602746269413160007e+00
4.044558211224853039e+00
3.948345615012499366e+00
3.596832763499719476e+00
5.061488394821708425e+00
4.047137380470871904e+00
4.386275219608592124e+00
4.515479515479796646e+00
4.253633420300388934e+00
3.908883075549965724e+00
3.948224781557996721e+00
4.246858413525274045e+00
4.934809101475934767e+00
4.292012625346160348e+00
3.755832922500076165e+00
4.461375294709000627e+00
3.828199661533176368e+00
5.299930299930679212e+00
5.116892616892869228e+00
4.330925164258587756e+00
4.512879512879749200e+00
4.512650345983615807e+00
4.166950000283577538e+00
5.672293172293279895e+00
3.066190566190812206e+00
3.916799750133577618e+00
3.578741078741245474e+00
3.669666169666584210e+00
3.503470170137120476e+00
5.098813432147039748e+00
4.839500672834788020e+00
3.777303777303586685e+00
4.077958244625051520e+00
3.966424799758215158e+00
4.051958218625031805e+00
3.966274799608413559e+00
4.120429120429093928e+00
3.295757462424717232e+00
3.626432793099297669e+00
4.303604303604629422e+00
4.777275610608739953e+00
4.013891513891735485e+00
4.499966999967341508e+00
4.749688083021396778e+00
5.249796916463878915e+00
5.551130551130313506e+00
4.804608971275797558e+00
4.977809144475713765e+00
5.164484331151015795e+00
3.833603833604342981e+00
5.277738611071868036e+00
4.947384114051260440e+00
3.565028565028910634e+00
5.034942534942842940e+00
3.979683146349998424e+00
4.623529623529861965e+00
4.971946638613530922e+00
4.245966745967052702e+00
4.084516584517018600e+00
5.218176051509544777e+00
5.902026735360209386e+00
4.570804570804625655e+00
6.000043500043489075e+00
4.307045973712774867e+00
3.907278907279078339e+00
3.733020399687461577e+00
3.947274780608154288e+00
4.770904770904849101e+00
4.702954702955025823e+00
6.336660503327266269e+00
4.800017300017543675e+00
4.343541843542197967e+00
3.750924584257973038e+00
4.244087577421169044e+00
4.855513188846771300e+00
4.153174986508474831e+00
4.724333891000469521e+00
5.839972506639469430e+00
5.145609312276178571e+00
4.927204927205139029e+00
4.695725529059018299e+00
4.206033372700403561e+00
4.575604575604756974e+00
4.421975255309007480e+00
3.919645586312185515e+00
4.122483289150409291e+00
4.172591672591806855e+00
1.121029871029872993e+01
9.938955772288863955e+00
1.959757793091125677e+01
1.323099656433009841e+01
1.419823086489770958e+01
1.337594254260932303e+01
1.007814757814799123e+01
1.233979150645836853e+01
1.052545635879005204e+01
1.075141075141107194e+01
1.110167776834430242e+01
1.076963160296531896e+01
1.094837344837378623e+01
1.013907680574368442e+01
1.211895795229145278e+01
1.145147395147421321e+01
1.304522971189658165e+01
1.407730157730145493e+01
1.136799470132814349e+01
1.147966981300328371e+01
1.447238530571894444e+01
1.590927007593722919e+01
1.138841138841155498e+01
1.284412951079650611e+01
1.246039579372916251e+01
1.133936133936163060e+01
1.059277309277320001e+01
9.698784698784947977e+00
1.021850605183919924e+01
1.072969822969844245e+01
1.144930728264080244e+01
1.106277772944474691e+01
1.081836498503196253e+01
1.190699940699983017e+01
1.101532351532387111e+01
1.076726076726117753e+01
1.131261964595307745e+01
1.069698569698584834e+01
1.006947256947250935e+01
1.045446878780228417e+01
1.087632754299443150e+01
1.028425195091847399e+01
1.060060643394024282e+01
1.126588209921555972e+01
1.128091128091114115e+01
1.063587730254425878e+01
1.084355667689021629e+01
1.125309458642777827e+01
1.139930306596988885e+01
1.041124791124798321e+01
9.336051002717908887e+00
7.635403468737081312e+00
1.191388274721600737e+01
1.259945426612114261e+01
1.273496273496277809e+01
1.453413953413951276e+01
9.358871858871907534e+00
1.116621949955288073e+01
1.264644597977962803e+01
1.161412828079483006e+01
1.127303627303672329e+01
1.187744521077900117e+01
1.292591709258397259e+01
1.055389388722744570e+01
1.064776898110233105e+01
1.027977277977311132e+01
1.194162444162452630e+01
9.943451610118586359e+00
1.117602784269479343e+01
1.194499111165805516e+01
1.135860302526998566e+01
1.118588201921579639e+01
9.831438998105682003e+00
1.101183601183606697e+01
1.184380767714139893e+01
1.168144084810785444e+01
1.180812014145328703e+01
1.210561627228321413e+01
1.142889476222865142e+01
1.184099100765820367e+01
1.218549551882915694e+01
1.254272920939592950e+01
1.255604588937956123e+01
1.168000334667033258e+01
1.245674995675028640e+01
1.166142416142429283e+01
1.201210784544173293e+01
1.214303297636683965e+01
1.178133261466632575e+01
1.217297883964556604e+01
1.119092785759505659e+01
1.216318299651663892e+01
1.191487024820378338e+01
1.242661242661267806e+01
1.233857483857502757e+01
1.238518321851677229e+01
1.255653755653747794e+01
1.256156256156270956e+01
1.283618366951702683e+01
1.234157067490411919e+01
1.155875322541987771e+01
1.224488724488799107e+01
1.126651126651142931e+01
1.213136629803318556e+01
1.354293020959710248e+01
1.306348806348808012e+01
1.252591669258333695e+01
1.345663428996761013e+01
1.303188386521765096e+01
1.390632223965587855e+01
1.284810034810050183e+01
1.431943515276884682e+01
1.379525129525154625e+01
1.265263765263773621e+01
1.313505480172159423e+01
1.317128400461751880e+01
1.353498020164704485e+01
1.257237923904585841e+01
1.326549243215902152e+01
1.306151306151332392e+01
1.430548930548934550e+01
1.426576009909354070e+01
1.302086302086320302e+01
1.310994227660933120e+01
1.264640431307100243e+01
1.311664644997961204e+01
1.289052955719637339e+01
1.294546711213399703e+01
1.267035017035027522e+01
1.391003474336855561e+01
1.355212605212648214e+01
1.383855967189333569e+01
1.312654645987959157e+01
1.309423392756752946e+01
1.283176699843374990e+01
1.327836744503429145e+01
1.311133394466730806e+01
1.292850042850045611e+01
1.270657937324585873e+01
1.340225923559273724e+01
1.300792134125504163e+01
1.332345915679275095e+01
1.262502095835429827e+01
1.281551698218390811e+01
1.322089655423019394e+01
1.335786335786360723e+01
1.369571369571394825e+01
1.270252936919632702e+01
1.368178034844731883e+01
1.295908795908837874e+01
1.332922166255525553e+01
1.330839664172992798e+01
1.292071708738399138e+01
1.337137170470498404e+01
1.464072714072733561e+01
1.360493443826806015e+01
1.348080514747198322e+01
1.317188817188832672e+01
1.342801759468443379e+01
1.373832207165548880e+01
1.462804379471037919e+01
1.398269314936010232e+01
1.361658444991792294e+01
1.376469293135971839e+01
1.432508515841857388e+01
1.382312215645561082e+01
1.458833958833986344e+01
1.293438376771757703e+01
1.349957599957599541e+01
1.450032283365658259e+01
1.335938002604655139e+01
1.380396797063463055e+01
1.462023128689804707e+01
1.403272653272665593e+01
1.572476155809533793e+01
1.336985503652192619e+01
1.427632260965583555e+01
1.399506399506412890e+01
1.437187687187702068e+01
1.398238481571831926e+01
1.370863037529727535e+01
1.414043497376837877e+01
1.458173958173949813e+01
1.324088407421766078e+01
1.415803499136814025e+01
1.377879711213108749e+01
1.372782206115550707e+01
1.442876442876490728e+01
1.399690983024333946e+01
1.390032223365540176e+01
1.380520963854303318e+01
1.403519736853104405e+01
1.367004700338043222e+01
1.262641262641307094e+01
1.436176019509366597e+01
1.578019078019087829e+01
1.438502688502717319e+01
1.351993018659709378e+01
1.304498387831733908e+01
1.548497381830713948e+01
1.501224417891091889e+01
1.473404390071107173e+01
1.545731545731564438e+01
1.609061192394528916e+01
1.300943800943832684e+01
1.464580214580257689e+01
1.379500962834299571e+01
1.234795818129146028e+01
1.410546410546442075e+01
1.429910596577292381e+01
1.594811178144539099e+01
1.587762004428668661e+01
1.388641388641406138e+01
1.384488884488871463e+01
1.375800542467197829e+01
1.487567737567724180e+01
1.331080497747211666e+01
1.439939773273147239e+01
1.392467642467647693e+01
1.460828544161904574e+01
1.389652639652626931e+01
1.290960040960055721e+01
1.390956390956409905e+01
1.357994274660973133e+01
1.255425422092093868e+01
1.413934747268103820e+01
1.290215040215048248e+01
1.242693326026665090e+01
1.356923856923901894e+01
1.472618972619022770e+01
1.455024788358127807e+01
1.519506102839454798e+01
1.392148892148941286e+01
1.408252658252672518e+01
1.417052667052666948e+01
1.426763510096873233e+01
1.338896338896347515e+01
1.340818007484699592e+01
1.256630839964202551e+01
1.376908876908930779e+01
1.438670605337313191e+01
1.279774196440894229e+01
1.408138908138937495e+01
1.241971241971248219e+01
1.314729648063007517e+01
1.412884329550990969e+01
1.371419704753077440e+01
1.295846295846297380e+01
1.342965926299314106e+01
1.330545913879234377e+01
1.381026381026424588e+01
1.373577623577671147e+01
1.328635078635102218e+01
1.413834747168095873e+01
1.381174297840971121e+01
1.290383790383828000e+01
1.389393472726817436e+01
1.395160561827253787e+01
1.312918396251791364e+01
1.248197498197498589e+01
1.339432589432567511e+01
1.365554698888058738e+01
1.332750499417170431e+01
1.306760056760106181e+01
1.328692995359676843e+01
1.335733002399683755e+01
1.318753402086747428e+01
1.348017598017611363e+01
1.391184724518063831e+01
1.389216805883484085e+01
1.240004156670840985e+01
1.421130171130209874e+01
1.273663356996655693e+01
1.419018085684797370e+01
1.335793835793833750e+01
1.299966299966342831e+01
1.276046692713373432e+01
1.319546319546316226e+01
1.202434952434975912e+01
1.298270464937161250e+01
1.300985050985082125e+01
1.378620961954277391e+01
1.388516388516416100e+01
1.340827174160540380e+01
1.266793350126670248e+01
1.302356719023373444e+01
1.437541437541472078e+01
1.377870544537211117e+01
1.323463823463839617e+01
1.377940961274327947e+01
1.332017165350544019e+01
1.397389730723102730e+01
1.399504732838067866e+01
1.402474735808107198e+01
1.428926012259364597e+01
1.466913133579794248e+01
1.405118488451842040e+01
1.461491044824367691e+01
1.293758377091717193e+01
1.313462146795518493e+01
1.357004690338010278e+01
1.389656389656408919e+01
1.289895873229215795e+01
1.364320114320128141e+01
1.399974733308079067e+01
1.369569702903038433e+01
1.381786798453470055e+01
1.346930513597203571e+01
1.478520645187336413e+01
1.430144763478153891e+01
1.361578028244730376e+01
1.392845142845135342e+01
1.348600515267196442e+01
1.416798083464777847e+01
1.412448495781825386e+01
1.369598869598905821e+01
1.285862119195462583e+01
1.295402545402544092e+01
1.446543946543965831e+01
1.606590356590345436e+01
1.451861451861464047e+01
1.437783521116864449e+01
1.416829750163094559e+01
1.470890637557295122e+01
1.409633909633930671e+01
1.343515510182203343e+01
1.433532683532700958e+01
1.464852298185667223e+01
1.337217170550513856e+01
1.463188963188963498e+01
1.362761779428501541e+01
1.375286375286407292e+01
1.305252555252570801e+01
1.333312583312579136e+01
1.408379741713099520e+01
1.306039222705919656e+01
1.451651868318583638e+01
1.338352588352597650e+01
1.336813420146779663e+01
1.355776355776367836e+01
1.395600978934362502e+01
1.411955578622246321e+01
1.401802651802688615e+01
1.429767679767712707e+01
1.310934227600887425e+01
1.282253782253769714e+01
1.306928806928806353e+01
1.430269346936063357e+01
1.392454725788093128e+01
1.347079680413037295e+01
1.385910552577217913e+01
1.365708032374732284e+01
1.368267618267634589e+01
1.320875070875104029e+01
1.342067175400507040e+01
1.366908033574748060e+01
1.369740536407209675e+01
1.427644344311011082e+01
1.321178821178830276e+01
1.311665894999248394e+01
1.355633855633880103e+01
1.437622270955569093e+01
1.320427987094683431e+01
1.410235160235197327e+01
1.296067546067570220e+01
1.287333787333795954e+01
1.353834687168057371e+01
1.478153144819850695e+01
1.440274773608120995e+01
1.328709245375898718e+01
1.314550897884237202e+01
1.356286356286375394e+01
1.365456782123465018e+01
1.359817609817639550e+01
1.395691395691426351e+01
1.352410935744285325e+01
1.360659277325976291e+01
1.383655133655133795e+01
1.383203049869757706e+01
1.425335175335169424e+01
1.369275535942256283e+01
1.365180531847215661e+01
1.403351820018485796e+01
1.385605968939307786e+01
1.325724242390913332e+01
1.434220600887249475e+01
1.393090559757229130e+01
1.414689331356032653e+01
1.439728939728900059e+01
1.371902205235562633e+01
1.356678023344727535e+01
1.375112625112626574e+01
1.388480971814306031e+01
1.439573106239765821e+01
1.344173427506768803e+01
1.420186003519359019e+01
1.277706277706317906e+01
1.314308397641730153e+01
1.388801388801402936e+01
1.410229743563093052e+01
1.345393012059707871e+01
1.369737619737657042e+01
1.389748889748909733e+01
1.234664151330821369e+01
1.409071409071430026e+01
1.335826335826368449e+01
1.299981716648380825e+01
1.347711764378448152e+01
1.390871807538474059e+01
1.304502971169642933e+01
1.255323755323763635e+01
1.320977570977595406e+01
1.340590090590103500e+01
1.309812559812576183e+01
1.329120912454266090e+01
1.315165481832161731e+01
1.239799573132916066e+01
1.114462781129520863e+01
1.085203168536486373e+01
1.059351892685219809e+01
1.078259411592796368e+01
1.110081110081125644e+01
1.031515614848979112e+01
1.076289409622768289e+01
1.065273565273605527e+01
1.200181616848283284e+01
1.146416979750358678e+01
1.133020716354087654e+01
1.157272407272409964e+01
1.089155255821935953e+01
1.084070250736920116e+01
1.043158126491482562e+01
1.009953093286435433e+01
1.074589407922803730e+01
9.910234910234976269e+00
1.094713594713596194e+01
1.132488215821547328e+01
1.030481863815225552e+01
1.082997749664434650e+01
1.046486879820258764e+01
1.089701923035295295e+01
1.038081871415238311e+01
1.061225644558987824e+01
1.123827373827396059e+01
1.187338687338706222e+01
1.188503688503715239e+01
1.043512710179390979e+01
1.123714457047810811e+01
1.093161509828200906e+01
1.025258108591447126e+01
1.066954400287738736e+01
1.039718539718569446e+01
1.058894392227739445e+01
1.252985419652100063e+01
1.136483219816580004e+01
1.170874920874939562e+01
1.112795696129069256e+01
1.125825292491958862e+01
1.095896512563194847e+01
1.058361475028118548e+01
1.117043617043646009e+01
1.078416495083160953e+01
1.063646480313173015e+01
1.019943519943512911e+01
1.097980264646946580e+01
1.082084832084831305e+01
1.141090724424088876e+01
1.100195683529034341e+01
1.092103592103603660e+01
1.055051471718127232e+01
1.089774423107758139e+01
1.084846501513175099e+01
1.045303128636442125e+01
1.056689390022722819e+01
1.031797698464401947e+01
1.077836077836116146e+01
9.115038281704983092e+00
1.063177729844414898e+01
1.094017760684425866e+01
1.085393168726523072e+01
9.793176459843380144e+00
1.042123125456453181e+01
1.037007287007293144e+01
9.539834539834714633e+00
1.005126421793090685e+01
9.346659346659407674e+00
9.763388930055953097e+00
1.046125629458958883e+01
1.017623100956438975e+01
9.580588747255092130e+00
9.849201515868230672e+00
9.170459170459025700e+00
1.016408099741431670e+01
1.002680586013923403e+01
1.033510200176897342e+01
9.638734638734945293e+00
9.816351483018479485e+00
9.619347119347253283e+00
9.971147471147673969e+00
9.809268142601695217e+00
9.858909858910124058e+00
9.637222137222238416e+00
9.844601511268479044e+00
1.008568508568544075e+01
1.051598551598601716e+01
9.624051290718171003e+00
1.088129421462770097e+01
