6.271979256115881071e+03
6.272440976163015875e+03
6.274152214756292778e+03
6.272344044584954645e+03
6.273883017943025152e+03
6.274435486440830573e+03
6.270607156729175585e+03
6.273075560872045571e+03
6.272066560451886289e+03
6.274484245615240980e+03
6.272568595660697611e+03
6.271262009973728709e+03
6.273099936482357407e+03
6.274424220465785766e+03
6.273409743235896713e+03
6.273724829994216634e+03
6.275086302273426554e+03
6.273927244947302825e+03
6.274683204746977026e+03
6.274501795709575163e+03
6.275178414901874930e+03
6.277274822898973071e+03
6.275874097591021382e+03
6.274419917510532287e+03
6.276543927280311436e+03
6.276398022756027785e+03
6.275999617871870214e+03
6.275513327286183994e+03
6.274007069803439663e+03
6.274857126625323872e+03
6.275199725934564412e+03
6.274085752462479832e+03
6.272967002101786420e+03
6.275827698651217361e+03
6.274431903686425358e+03
6.274640352621575403e+03
6.273909003655922788e+03
6.274715501665272313e+03
6.272481200910811822e+03
6.271872061582955212e+03
6.275570433350213534e+03
6.275886973247024798e+03
6.273747098220011139e+03
6.273992371681280019e+03
6.276285278125784316e+03
6.273082923552044122e+03
6.273820304227643646e+03
6.271946995238810814e+03
6.274026964424504513e+03
6.273778217233412761e+03
6.275358192337778746e+03
6.273213683882341684e+03
6.275434520109665755e+03
6.279420124393803235e+03
6.277178894295723694e+03
6.275913377530830076e+03
6.279770972255961169e+03
6.274215771214832785e+03
6.275809077082479234e+03
6.276124197928300418e+03
6.272216473109943763e+03
6.272725231261473709e+03
6.275332721475175276e+03
6.272895570476591274e+03
6.274948667249969731e+03
6.272086871769152822e+03
6.273332986331190114e+03
6.271404723183154601e+03
6.272456244664119367e+03
6.269106610827606346e+03
6.271327802868056096e+03
6.272322793901458681e+03
6.270879582854876389e+03
6.271195548144666645e+03
6.272626416940198396e+03
6.272873468872929152e+03
6.270587846580697260e+03
6.271976012720845574e+03
6.272019270090925602e+03
6.273853822344301989e+03
6.271316937002225131e+03
6.272134643679040892e+03
6.269360895489222457e+03
6.268403541090173348e+03
6.270178674758412853e+03
6.268700338743618886e+03
6.268735058460803884e+03
6.269015659996509385e+03
6.270787812251832293e+03
6.268450934136105388e+03
6.269416285003268968e+03
6.269137228414377205e+03
6.269689162328083512e+03
6.270657531624806325e+03
6.268513655764037139e+03
6.268410149494042344e+03
6.265546098211415483e+03
6.265644567485527659e+03
6.267010890932579969e+03
6.266308548757665449e+03
6.265580026389151499e+03
6.266640168774539234e+03
6.265512375923968648e+03
6.264744026605259023e+03
6.266425846104985794e+03
6.266204937087756662e+03
6.266020966973138457e+03
6.265030494416289912e+03
6.267601374651858350e+03
6.266446959277401220e+03
6.265423707291829487e+03
6.268409028484722512e+03
6.266754894678971141e+03
6.265847511983783988e+03
6.268059711263225836e+03
6.269010249749203467e+03
6.269095728561868782e+03
6.269742487809831800e+03
6.265360534367548098e+03
6.266895547915139105e+03
6.266879567752790535e+03
6.268518059307838485e+03
6.263140076894779668e+03
6.265495285593775407e+03
6.263424714863455847e+03
6.264340111838941084e+03
6.264818809891009550e+03
6.265212209323945899e+03
6.265668404029211160e+03
6.264605380747002528e+03
6.266116672688633116e+03
6.264512959859219336e+03
6.265678189166981610e+03
6.265929066240093562e+03
6.264857797262292479e+03
6.266510815012099556e+03
6.264903013809601362e+03
6.261808728436080855e+03
6.264970022963007068e+03
6.265424664617492454e+03
6.264393841506349418e+03
6.263643711982554123e+03
6.266170781104107846e+03
6.265523400910699820e+03
6.266264759996269277e+03
6.265636725036143616e+03
6.264674932415639887e+03
6.264583160901453994e+03
6.264839674040113096e+03
6.263333830277870220e+03
6.264245139379964712e+03
6.263129091599761523e+03
6.262637510233154899e+03
6.263847859218726626e+03
6.261522854410996842e+03
6.261990173857644550e+03
6.262374877935537370e+03
6.261637910555260532e+03
6.262442586081629088e+03
6.261823054800091086e+03
6.268087553079993995e+03
6.267292864242318501e+03
6.267155167143975632e+03
6.266497119685130201e+03
6.268250214730976950e+03
6.267393800662987815e+03
6.265083360285045273e+03
6.265945024898719566e+03
6.265827704581935905e+03
6.264210044106176611e+03
6.263812510257408576e+03
6.265001926028334310e+03
6.264731937934059715e+03
6.263836006197650931e+03
6.261779618608466080e+03
6.263694705396345853e+03
6.263502555057422796e+03
6.263400506228482300e+03
6.262716899335749986e+03
6.261410906211791371e+03
6.264862098017379139e+03
6.265841333402737291e+03
6.263430623141373871e+03
6.266009592564135346e+03
6.262577814169730118e+03
6.262650709576095323e+03
6.259687245675699160e+03
6.259906709036761640e+03
6.259362594498960789e+03
6.259976900135169672e+03
6.259286898540751281e+03
6.259612519999879623e+03
6.260677376122724127e+03
6.260556982072824212e+03
6.261681667662407563e+03
6.258967539886572922e+03
6.261364803773401945e+03
6.264326718383887965e+03
6.263084187905255931e+03
6.261135762754574898e+03
6.258187116448864799e+03
6.258628738260063983e+03
6.260987040809116479e+03
6.258594649316303730e+03
6.259530471672040221e+03
6.260123232998972526e+03
6.258192474323657734e+03
6.259446216150169676e+03
6.258652708011573850e+03
6.257364927589488616e+03
6.258426071786505418e+03
6.259377053193012216e+03
6.259742330425700857e+03
6.259954524549809321e+03
6.258274203244152886e+03
6.259415951681342449e+03
6.257027232440133048e+03
6.259618681385850323e+03
6.260118276634558242e+03
6.258486366351460674e+03
6.258894310047960971e+03
6.260251968026488612e+03
6.258448236899805124e+03
6.258223393939016205e+03
6.261401492610415517e+03
6.258678267812406375e+03
6.260320403060733042e+03
6.258775390598287231e+03
6.258219241769870678e+03
6.258321876833510942e+03
6.260189925406340990e+03
6.258066003388015815e+03
6.259246571275494716e+03
6.258754434681678504e+03
6.258543254327901195e+03
6.259900827152453530e+03
6.259927572241907910e+03
6.258389046577556655e+03
6.258853133298892317e+03
6.260995520073799526e+03
6.262611505333580681e+03
6.261585143802220955e+03
6.264987010407943671e+03
6.265545678528322242e+03
6.262401265262263223e+03
6.265800295434165491e+03
6.264084962716447990e+03
6.264813826747343228e+03
6.263149281115085614e+03
6.263357703604456219e+03
6.262482482935590269e+03
6.264528634012850489e+03
6.263010171629500292e+03
6.262159084812632500e+03
6.260003821458830316e+03
6.257887431238713361e+03
6.258626464234613195e+03
6.259006472787400526e+03
6.260137202591850837e+03
6.260583004746907136e+03
6.260147605304158787e+03
6.261885956240069390e+03
6.261562522252842427e+03
6.259532841440791344e+03
6.260296902306739867e+03
6.261289001130441648e+03
6.258194447230810511e+03
6.257929229012937867e+03
6.264175441746516299e+03
6.258617940572888074e+03
6.259907360762468670e+03
6.260492764244159844e+03
6.261829475243484922e+03
6.260486870661175089e+03
6.262112771255450753e+03
6.259644503918626469e+03
6.260645279058554479e+03
6.261590913879114851e+03
6.260622320348153153e+03
6.259472858881995307e+03
6.261492135639636217e+03
6.261155616153817391e+03
6.255916508418451485e+03
6.256650602184248783e+03
6.256107446883717785e+03
6.254905611613836300e+03
6.259796995692520795e+03
6.255744015515500905e+03
6.260684369591860559e+03
6.257423889396480263e+03
6.258923102605555869e+03
6.257265823607603124e+03
6.260074112007942858e+03
6.256876164889329630e+03
6.256172736612887093e+03
6.255311312548415117e+03
6.255257859422687943e+03
6.252050908268835883e+03
6.255090393521083570e+03
6.253181862613530029e+03
6.253334787573583526e+03
6.256774146283429218e+03
6.254095559413171941e+03
6.252575233449018924e+03
6.254193233352691095e+03
6.253153710517810396e+03
6.254152267782734270e+03
6.252549398974381802e+03
6.256101700253138006e+03
6.252132386350825982e+03
6.251307340364242009e+03
6.252891247387316071e+03
6.252639351025374708e+03
6.251996591806717333e+03
6.252472677172951990e+03
6.252276084255576279e+03
6.252867815857350251e+03
6.252187611937137262e+03
6.251958756828701553e+03
6.253640985054990779e+03
6.252139567190601156e+03
6.252865857244547442e+03
6.252552376848498170e+03
6.253814562765996016e+03
6.253088371388064843e+03
6.252721885384033158e+03
6.253466266956840627e+03
6.252970127986402986e+03
6.253411233479589100e+03
6.252389203268305209e+03
6.254664008142172861e+03
6.253786574892680619e+03
6.253211712905203967e+03
6.252468966325258407e+03
6.253212750236797547e+03
6.253128188133987351e+03
6.254030055017458835e+03
6.252201003863824553e+03
6.248853476488426168e+03
6.248234497854478832e+03
6.248632093817451278e+03
6.248886386382367164e+03
6.246824179272030960e+03
6.248158152521443299e+03
6.249008515560897649e+03
6.248566784224047296e+03
6.249097780646562569e+03
6.249178943578250255e+03
6.248683356777482004e+03
6.247965437797859522e+03
6.248186949696445481e+03
6.248149104594780511e+03
6.250136156525942170e+03
6.249247824084791318e+03
6.250968278935477429e+03
6.249786783249905966e+03
6.249054295592298331e+03
6.251107952694345840e+03
6.251459633255763038e+03
6.250214083395171656e+03
6.250584111173900055e+03
6.249430088558475290e+03
6.250208555214006992e+03
6.250304439932018795e+03
6.249107371250905999e+03
6.248654083427487421e+03
6.250875629631023003e+03
6.253149997458170219e+03
6.250680338114295409e+03
6.250456919197623392e+03
6.251015140628887821e+03
6.250569926520541230e+03
6.250231456822267319e+03
6.252732328203064753e+03
6.251906861724136434e+03
6.248972946086318188e+03
6.250112285840343247e+03
6.249582473348817075e+03
6.249915155589744245e+03
6.251543816667129249e+03
6.251115949954607458e+03
6.249656604271062861e+03
6.250567902220715041e+03
6.249866904849863204e+03
6.251326694829860571e+03
6.247777761397432187e+03
6.248442072642213134e+03
6.248641425455459284e+03
6.250064581601764075e+03
6.249354415797586626e+03
6.249657434985381769e+03
6.249783011124644872e+03
6.249162284035120138e+03
6.251485689618648394e+03
6.247789117960061049e+03
6.247850622016581838e+03
6.247384339272078250e+03
6.247888976533816276e+03
6.249084819698744468e+03
6.247694604836514372e+03
6.247030979869517068e+03
6.246478329354928064e+03
6.247436779507941537e+03
6.250524745864792749e+03
6.248422096339662858e+03
6.247582534924418724e+03
6.247465939791730307e+03
6.249103250190722065e+03
6.251303857963425799e+03
6.251035985667848763e+03
6.250762840089727433e+03
6.255301957079263957e+03
6.251587933385651922e+03
6.252429871816553714e+03
6.251514672837280159e+03
6.250741759843225736e+03
6.250629556364195196e+03
6.251224352851462754e+03
6.251863405531717945e+03
6.249887136848575210e+03
6.251364703613224265e+03
6.251361926354547904e+03
6.249996075402043061e+03
6.250159111903503799e+03
6.248579676149180159e+03
6.250066434067424780e+03
6.249119316418616108e+03
6.249048701195706599e+03
6.249404692766898734e+03
6.251600993767704495e+03
6.250608549405482336e+03
6.251027185574451323e+03
6.250804529485836611e+03
6.250773159655047493e+03
6.248779607207847221e+03
6.249815057884710768e+03
6.247038726084807422e+03
6.249015783623523930e+03
6.247861557897263083e+03
6.249062114316268890e+03
6.249097780264978610e+03
6.247726950173550904e+03
6.247915065314411549e+03
6.247845089176217698e+03
6.247582524935475703e+03
6.247786427180058126e+03
6.247734133798940093e+03
6.246276732543078651e+03
6.246676310219988409e+03
6.246469707914201535e+03
6.246166408719397623e+03
6.245269367502661225e+03
6.245454438040027526e+03
6.245978670489314936e+03
6.245288823417514323e+03
6.245757838285532671e+03
6.244251275558601264e+03
6.245732878194743535e+03
6.246226486282678707e+03
6.246483514769911380e+03
6.246532856780357179e+03
6.246686199193362881e+03
6.247749916433530416e+03
6.247037091433795467e+03
6.247169346223027787e+03
6.247716446596333299e+03
6.246833821954749510e+03
6.248945491309198587e+03
6.246855765217565022e+03
6.247855738038155323e+03
6.248771178266687457e+03
6.248527387672394070e+03
6.247665846388214959e+03
6.247634870842099190e+03
6.247676073296579489e+03
6.247566269268191718e+03
6.249304399921034928e+03
6.247017500142215795e+03
6.246527798918693406e+03
6.246602070399305376e+03
6.247076687737515385e+03
6.244559760045630355e+03
6.245750449641094747e+03
6.247255410172163465e+03
6.245682750642527935e+03
6.245413653029419038e+03
6.244744136895024894e+03
6.246491335865480323e+03
6.244471906410026349e+03
6.245857874980589258e+03
6.247612581954440429e+03
6.246500080781340330e+03
6.244912777158001518e+03
6.244305721822705891e+03
6.243585849894137937e+03
6.244901929760041639e+03
6.245395115702283874e+03
6.245397745473508621e+03
6.245712406237905270e+03
6.246434037858347438e+03
6.244509156278276350e+03
6.244221965787710360e+03
6.245821649782272289e+03
6.246272522765617396e+03
6.244489491350636854e+03
6.245954163827337652e+03
6.245570587385114777e+03
6.246084844464980961e+03
6.244743409747439728e+03
6.246173300075978659e+03
6.245572108502240553e+03
6.244928872489711466e+03
6.245163523127100234e+03
6.244892359121187837e+03
6.246248917438770150e+03
6.244546002919218154e+03
6.243190479878405313e+03
6.245342516029675608e+03
6.245433315982511886e+03
6.243771823994922670e+03
6.246651965757794642e+03
6.246429738140544032e+03
6.246842249919997812e+03
6.245358756356228696e+03
6.247376809302535548e+03
6.247163973328897555e+03
6.246962034152132219e+03
6.246098649801571810e+03
6.245465513767630910e+03
6.247001544167509564e+03
6.247043274366469632e+03
6.246569479429139392e+03
6.248250893469331459e+03
6.245416360066376001e+03
6.245174848869476591e+03
6.245842102979844640e+03
6.244963972355819351e+03
6.246079197131817637e+03
6.244774145885069629e+03
6.244007315544204175e+03
6.243719034656544864e+03
6.244296881879658940e+03
6.242829402805297832e+03
6.244635373972693742e+03
6.243264550193626746e+03
6.244900945122303710e+03
6.244094123585610760e+03
6.243934262168015266e+03
6.243167489999620557e+03
6.242980436638755236e+03
6.242307303731684442e+03
6.243499576743400212e+03
6.244020649163641792e+03
6.242586590052701467e+03
6.242769149712419676e+03
6.242750879343660927e+03
6.241584095061508378e+03
6.242988893350998296e+03
6.240425023171031171e+03
6.242268255381822200e+03
6.242765992796861610e+03
6.241942239209817672e+03
6.244127520286993786e+03
6.245851442320798014e+03
6.247217570062798586e+03
6.246501855242726378e+03
6.243782392211534898e+03
6.243433173048634671e+03
6.246079430362445237e+03
6.244998228388647476e+03
6.245205310527223446e+03
6.245184239613285172e+03
6.243471429314457964e+03
6.244580964439135641e+03
6.243624872371159654e+03
6.244786181061228490e+03
6.242329306323016681e+03
6.244618548610520520e+03
6.241682198815547054e+03
6.244165862824486794e+03
6.243977761603268846e+03
6.243584716474014385e+03
6.241899187767527110e+03
6.243847998442226526e+03
6.245362547158304551e+03
6.243980858507718040e+03
6.244470517993384419e+03
6.243704367853775693e+03
6.242695922843665358e+03
6.242576990670710074e+03
6.242179152243265889e+03
6.242702736584956256e+03
6.243771230556970295e+03
6.241982599975543963e+03
6.244669303869132818e+03
6.244522551366093467e+03
6.242201631397081655e+03
6.243092241384893896e+03
6.244554935184086389e+03
6.244542562770596305e+03
6.243488760439779981e+03
6.245224963973639206e+03
6.245332523300257890e+03
6.243937077089104605e+03
6.246411387950125572e+03
6.247683751343944095e+03
6.246628209236891053e+03
6.245201134517556966e+03
6.244899057921790700e+03
6.246258540672091840e+03
6.246669993954739766e+03
6.246338673290759289e+03
6.247176048083792921e+03
6.246864341388146386e+03
6.246257913097219898e+03
6.246341823333938919e+03
6.245752457356686136e+03
6.245134963970594072e+03
6.244299420155688495e+03
6.243563688274063679e+03
6.242661825602363024e+03
6.245416135221108561e+03
6.246778294709122747e+03
6.245286893923708703e+03
6.244891808333028166e+03
6.245305180409885907e+03
6.243852511545157540e+03
6.242484592733531827e+03
6.244885174949767134e+03
6.245624215629675746e+03
6.244497543468342883e+03
6.243772302516204945e+03
6.244137460470808946e+03
6.244048346220990425e+03
6.242871039003983242e+03
6.242181286099114004e+03
6.242031625096343305e+03
6.242052867606224936e+03
6.241837701157574884e+03
6.242501727895518343e+03
6.241073950492170297e+03
6.242606787481387983e+03
6.240643354154875851e+03
6.242423978932675709e+03
6.243188264491910559e+03
6.240955485969555411e+03
6.246211275027344527e+03
6.246830258085903552e+03
6.247314453138968020e+03
6.245785746713252593e+03
6.245206317950231096e+03
6.244420535398126958e+03
6.245353960925360298e+03
6.247555076923805245e+03
6.246979857870825072e+03
6.247538482302776174e+03
6.245360572688548018e+03
6.246203983207404235e+03
6.245965384190250006e+03
6.247691483057271398e+03
6.246918283712220727e+03
6.245244730959056142e+03
6.246447708994703135e+03
6.246057184350544958e+03
6.245967819238848278e+03
6.246062768348921963e+03
6.244013387394082201e+03
6.243925686741771642e+03
6.245295304533424314e+03
6.245240532778582747e+03
6.244496114906981347e+03
6.242995650373085482e+03
6.244800412777661222e+03
6.245846897127084048e+03
6.243343213172667674e+03
6.242853608968778644e+03
6.242626078146590771e+03
6.243374292856918146e+03
6.242493473798689593e+03
6.242975410090000878e+03
6.243302436391184528e+03
6.242406132507690018e+03
6.242603986912316032e+03
6.243235461410639800e+03
6.242280083813851888e+03
6.243639874277801027e+03
6.242055830610453995e+03
6.244397771364409891e+03
6.242223902460787940e+03
6.242915607104874653e+03
6.242252803202783070e+03
6.240766034742780903e+03
6.241848370205229003e+03
6.242517409511153346e+03
6.243215325537559693e+03
6.242172292665975874e+03
6.242906078056733350e+03
6.243266514174267286e+03
6.242698477688380990e+03
6.242764277252646934e+03
6.241348182398429344e+03
6.242722705342927839e+03
6.251158400618513042e+03
6.249961486124083422e+03
6.249362402125439075e+03
6.248508001166463146e+03
6.247555532964365739e+03
6.249537319296019632e+03
6.249269634060799945e+03
6.250852144524585128e+03
6.251311371348025204e+03
6.249182642321889944e+03
6.251281801321473722e+03
6.250196870888820740e+03
6.250122601875642431e+03
6.248785903403916564e+03
6.243643281481004124e+03
6.246087315265058351e+03
6.247055141164476481e+03
6.244350103454985401e+03
6.245109998141047981e+03
6.246900435693885811e+03
6.246771144949918380e+03
6.245907094296862851e+03
6.245987164251090690e+03
6.244282453631350108e+03
6.245334674962409736e+03
6.248809528547037189e+03
6.245289405030222952e+03
6.244082562377258000e+03
6.244795575873841699e+03
6.247845877504767486e+03
6.246257816223921509e+03
6.247815414958231486e+03
6.247147039345107260e+03
6.247076212704762838e+03
6.247057724907708689e+03
6.246265220643566863e+03
6.246962955556671659e+03
6.248662624003330166e+03
6.247049993901920971e+03
6.246954932133397051e+03
6.249980750951043774e+03
6.248878264397104431e+03
6.252208656834292924e+03
6.251968743250151419e+03
6.253343663616667982e+03
6.252363375498495770e+03
6.254021797227163916e+03
6.252114785489768110e+03
6.252510025206805949e+03
6.253121960311109433e+03
6.252746440329314282e+03
6.251457881641767926e+03
6.253318963669606092e+03
6.253337441566646703e+03
6.253214518869601307e+03
6.253585082837065784e+03
6.251658421429000555e+03
6.251771831128517988e+03
6.250541482671566882e+03
6.249236872845867765e+03
6.249049818795893771e+03
6.250268245906277116e+03
6.249809766483392195e+03
6.247166627717892879e+03
6.250663204240930099e+03
6.249059742758687207e+03
6.249639527792914123e+03
6.248529096154136823e+03
6.248110407853171637e+03
6.249720630866181637e+03
6.253635870327647353e+03
6.254103721251382012e+03
6.254748866207876745e+03
6.256633999311207845e+03
6.254477436110702001e+03
6.255415314501656212e+03
6.253514197392709320e+03
6.253888412054067885e+03
6.254138437500735563e+03
6.253484463527232037e+03
6.255144861937090354e+03
6.254816948238596524e+03
6.254508633804996862e+03
6.253910595856197688e+03
6.251744151589625289e+03
6.249829793091897045e+03
6.250828752476987574e+03
6.251538163081291714e+03
6.249799910159564206e+03
6.250975246544096990e+03
6.251735667377236496e+03
6.249686880841425591e+03
6.251252588766865301e+03
6.254329522543654093e+03
6.250880248489966107e+03
6.250176423872192572e+03
6.250941139833160378e+03
6.253693527486933817e+03
6.249340151034730297e+03
6.252129395920667775e+03
6.250985334125087320e+03
6.250271303731433363e+03
6.249487465814007919e+03
6.249456919039439526e+03
6.251281929667505210e+03
6.251078105459749167e+03
6.253953056752222437e+03
6.252360649994481719e+03
6.252838072511936844e+03
6.250858035579178249e+03
6.254698387079165514e+03
6.252686922965222038e+03
6.255773077882756297e+03
6.256533923848392988e+03
6.256831462411159919e+03
6.255713014917942019e+03
6.255549980976670668e+03
6.256217209760488913e+03
6.256618083547858078e+03
6.256698673828222127e+03
6.258722236068738312e+03
6.256784053664734529e+03
6.255971077460898414e+03
6.255890961435246936e+03
6.260477944381505040e+03
6.255516253002449957e+03
6.256602912003700112e+03
6.257481596370818806e+03
6.258032967039041978e+03
6.258700859630861487e+03
6.257599845635806560e+03
6.258084901834725315e+03
6.258807162132683516e+03
6.258247156975127837e+03
6.258738950877882417e+03
6.259156188690595627e+03
6.260824787067719626e+03
6.257382285853336725e+03
6.258579955995384807e+03
6.258754364051023003e+03
6.269142962031999559e+03
6.267385084499150253e+03
6.267572701329891061e+03
6.266558643348999794e+03
6.268312305869283591e+03
6.269137493639305831e+03
6.268420749697198517e+03
6.268511515548299940e+03
6.268341930969238092e+03
6.268593006201331264e+03
6.266803788634505509e+03
6.267062104825336974e+03
6.268787164247908549e+03
6.268686254811432264e+03
6.262944266339359274e+03
6.262331170505139198e+03
6.264694788978871657e+03
6.264300679746383139e+03
6.266386902834059583e+03
6.266577610421115423e+03
6.264771528734863750e+03
6.265076050309745369e+03
6.265766132076125359e+03
6.265959737836034947e+03
6.264626784691985449e+03
6.264503108843861810e+03
6.265384271325896407e+03
6.263118514620434325e+03
6.414219105643339390e+03
6.466154783852822220e+03
6.431376896333729746e+03
6.441304601943063062e+03
6.441818539937580681e+03
6.423613196322990007e+03
6.454557375544457500e+03
6.425319937378220857e+03
6.424010894546744566e+03
6.430048580874821710e+03
6.434999921842638287e+03
6.419660136537546350e+03
6.422120124867746199e+03
6.424998613402807678e+03
6.364796138169233927e+03
6.263143876182132772e+03
6.364975453561829454e+03
6.265057994977320050e+03
6.360570748527680735e+03
6.366194312844818342e+03
6.263976509212708152e+03
6.264133884752541235e+03
6.265071209621453818e+03
6.265317614456605043e+03
6.264881981201026974e+03
6.266821361231107403e+03
6.359779894135042014e+03
6.371165449580603308e+03
6.281781731843906528e+03
6.283228587154023444e+03
6.281855553489815065e+03
6.283936617987114914e+03
6.283603342357842848e+03
6.284985238721842506e+03
6.283595317577109199e+03
6.284345999882260003e+03
6.285256833976622147e+03
6.284947846072936954e+03
6.281968153547599286e+03
6.284736119248521391e+03
6.283883317051238919e+03
6.283175644984895371e+03
6.282060544499215212e+03
6.283115410389150384e+03
6.281362602544187212e+03
6.281720120958518237e+03
6.284077940087171555e+03
6.282690649999603011e+03
6.282499135309895792e+03
6.284446143407318232e+03
6.284290137054033039e+03
6.283091150450102759e+03
6.283280806149044110e+03
6.281951051847894632e+03
6.280022509512277793e+03
6.284038625788908575e+03
6.286194637533939385e+03
6.284603046996414378e+03
6.284199221364940968e+03
6.284080665528857025e+03
6.284446502641217194e+03
6.287012963613500688e+03
6.282523039869633976e+03
6.281727126800358747e+03
6.282574020860341989e+03
6.282142811761547819e+03
6.282378244801278015e+03
6.281500083020274360e+03
6.285974485252321756e+03
6.285324134075314760e+03
6.285529674043385057e+03
6.284171528824234883e+03
6.284536580214287824e+03
6.281794079994276217e+03
6.286246700436036008e+03
6.282198159912349183e+03
6.284610188952946373e+03
6.281619300488952831e+03
6.278530787439158303e+03
6.279115464624092056e+03
6.277003862910915814e+03
6.276948763616280303e+03
6.277463834037916968e+03
6.278380663301781169e+03
6.278636172582855579e+03
6.276988369455157226e+03
6.275323422804928668e+03
6.275516850431769853e+03
6.273872467377507746e+03
6.276221257492686163e+03
6.277579811550779596e+03
6.274226687544792185e+03
6.275910162071755622e+03
6.275740670149841208e+03
6.281229184438681841e+03
6.279999818845033587e+03
6.280788133010821184e+03
6.281656468849375415e+03
6.277060021092953320e+03
6.278025304582825811e+03
6.276060973280721555e+03
6.273448385996832258e+03
6.276716050983527566e+03
6.271071397317983610e+03
6.266019561712708310e+03
6.265910841197334776e+03
6.265198664336290676e+03
6.267121685707144934e+03
6.263756994541576205e+03
6.265539761702440956e+03
6.268583296120246814e+03
6.265975138909270754e+03
6.266363732363991403e+03
6.266729083426571378e+03
6.267980048518203148e+03
6.267583270993196493e+03
6.265948503849681401e+03
6.266940013472508326e+03
6.266235751330250423e+03
6.266471457052423830e+03
6.266387288764701225e+03
6.267889673550746011e+03
6.265975629949091854e+03
6.265907844680592461e+03
6.266723777300328948e+03
6.267206785675718493e+03
6.268244105871550346e+03
6.266957308076145637e+03
6.266842818881719722e+03
6.266482610947067769e+03
6.267482952360399395e+03
6.268029931542188933e+03
6.266634794161203899e+03
6.267729323151524113e+03
6.267619378998419961e+03
6.266237996335917160e+03
6.266933543695859953e+03
6.264385137886757548e+03
6.264842799359741548e+03
6.264032972687559777e+03
6.263636316128382532e+03
6.262456580068896983e+03
6.264746289499600607e+03
6.375786414140399756e+03
6.381398426303311680e+03
6.263820007358294788e+03
6.263551649345113219e+03
6.264936314437406509e+03
6.265797039326731465e+03
6.263392869946558676e+03
6.265095750014007535e+03
6.262346673226672465e+03
6.381951568973869144e+03
6.263138578135880380e+03
6.385109079859150370e+03
6.372090760220999073e+03
6.378950580166669170e+03
6.383566914163238835e+03
6.262859252884159105e+03
6.262540857495211640e+03
6.382891922006210734e+03
6.262463939943934747e+03
6.268520352842901048e+03
6.270036756752000656e+03
6.269977719031627203e+03
6.269915478635687577e+03
6.269573430722332887e+03
6.268884631240875024e+03
6.268504412640729242e+03
6.269035506146817170e+03
6.270815726621657632e+03
6.271559928781827693e+03
6.270798603168498630e+03
6.269964401147817625e+03
6.270807252461720964e+03
6.269172023637148413e+03
6.268418051918971287e+03
6.267445744996663962e+03
6.270552934344399546e+03
6.269398422647424013e+03
6.269110272525058463e+03
6.269145733999894219e+03
6.271105779153011099e+03
6.268791857393934151e+03
6.271056869607873523e+03
6.267703084480031066e+03
6.269757630891536792e+03
6.267722104694054906e+03
6.268682136482175338e+03
6.267782641051896462e+03
6.268355967082916322e+03
6.267404212237348474e+03
6.267220135955223668e+03
6.268395137420605352e+03
6.269727663219593524e+03
6.269087407753380830e+03
6.267871935384513563e+03
6.268964554989816861e+03
6.268203777603264825e+03
6.267089847119270416e+03
6.267206677783633495e+03
6.267922262296945519e+03
6.266393099339587025e+03
6.266079649786255686e+03
6.267951246278233157e+03
6.266105642725035068e+03
6.266441301895582910e+03
6.268630737674890042e+03
6.265292483775442633e+03
6.267439451021799869e+03
6.264242688470963913e+03
6.265971576822445968e+03
6.262442956300791593e+03
6.262398710018729616e+03
6.266547287836655414e+03
6.263479320657646895e+03
6.263890984321202268e+03
6.267808954902968253e+03
6.263912303758513190e+03
6.267975439126225865e+03
6.262790206444430623e+03
6.264465754513189495e+03
6.263099690059916611e+03
6.265089019859956352e+03
6.266705693740509560e+03
6.263858170820422856e+03
6.269101101841048148e+03
6.265055871574942103e+03
6.269088438445374777e+03
6.267934222784782833e+03
6.268735814664373720e+03
6.265265007234534096e+03
6.264264985978941695e+03
6.266700110674533789e+03
6.264868334200717072e+03
6.263458887370192315e+03
6.263330855782378421e+03
6.264217807035533951e+03
6.265973228967583964e+03
6.267136624374331404e+03
6.266858195375271862e+03
6.267031637181627048e+03
6.266141094253941446e+03
6.263417143850859247e+03
6.265537705865601311e+03
6.266970206540715481e+03
6.266567341932902309e+03
6.265129974839241186e+03
6.267365275641422159e+03
6.266183701472361463e+03
6.265397093159610449e+03
6.268052624407166149e+03
6.265597666331340406e+03
6.267329729059015335e+03
6.266831852249806616e+03
6.264095457306427306e+03
6.267626406082696121e+03
6.265058012134511955e+03
6.270896727684343205e+03
6.270116052470098111e+03
6.260646809563437273e+03
6.274163602949908636e+03
6.262620540402113875e+03
6.267819161702982456e+03
6.268787512760984100e+03
6.262513445072286231e+03
6.266099566215360937e+03
6.267576949940587838e+03
6.268393845897842766e+03
6.267726009066936967e+03
6.264424514896807523e+03
6.265216471962883588e+03
6.266942059379112834e+03
6.268894632011312751e+03
6.271317073632185384e+03
6.271044954894458897e+03
6.264660077046470178e+03
6.261357508574553322e+03
6.264594790554252540e+03
6.264647239153479859e+03
6.262548618530443491e+03
6.262493716928948743e+03
6.263403298650993747e+03
6.262005398021752626e+03
6.262608146535426386e+03
6.263842619570606985e+03
6.263255390598033046e+03
6.264763780835712168e+03
6.263016023062095883e+03
6.266529722380636485e+03
6.265607534101880447e+03
6.265396435751574245e+03
6.262544154035294014e+03
6.264836072614685690e+03
6.265919360220129420e+03
6.262666415720032091e+03
6.264348926221548027e+03
6.263429231775185144e+03
6.261035386291266150e+03
6.263758003147997442e+03
6.263288651943748846e+03
6.262975548426704336e+03
6.262420207777995529e+03
6.265959069075260231e+03
6.262255905526163588e+03
6.260976824654133452e+03
6.265719806488467839e+03
6.263257431341854499e+03
6.264818435528481132e+03
6.268171557534008571e+03
6.260144780259882282e+03
6.263439248747861711e+03
6.264663656605520373e+03
6.266273162885146121e+03
6.263970402014010688e+03
6.260769671493326314e+03
6.261751474659756241e+03
6.262851463928795965e+03
6.260940703738047887e+03
6.263989946921058618e+03
6.262342877259870875e+03
6.263045494670467633e+03
6.260756551880347615e+03
6.263175791258884601e+03
6.263169440414562814e+03
6.260660129420803059e+03
6.265821273759303040e+03
6.263591448618017239e+03
6.262128201595996870e+03
6.262843902092233293e+03
6.264634252700226170e+03
6.262178786618968843e+03
6.263479591450615771e+03
6.266082200578774064e+03
6.263520189762807604e+03
6.263439585765748234e+03
6.263195390994534137e+03
6.263196416129138925e+03
6.264049030007611691e+03
6.261054182222491363e+03
6.262935833023654595e+03
6.262710351803942103e+03
6.263930565010910868e+03
6.263521640846289301e+03
6.262517878632917018e+03
6.264788315967491144e+03
6.263285277721266539e+03
6.260386498331099574e+03
6.262342018772192205e+03
6.262193887376796738e+03
6.262030674428858219e+03
6.261204581132104067e+03
6.260940330745627762e+03
6.262204233214495616e+03
6.260156878289230008e+03
6.260979185468510877e+03
6.261230330524522287e+03
6.262756878823164698e+03
6.260529079453755912e+03
6.259910257032143818e+03
6.258086086151583913e+03
6.261574967083435695e+03
6.260456284201578455e+03
6.260015442381631146e+03
6.261650486496915619e+03
6.259920140822673602e+03
6.259270942707537870e+03
6.261693354599705344e+03
6.259934678030674149e+03
6.260439258572882864e+03
6.257970757326424973e+03
6.262661344038330753e+03
6.265284313659143663e+03
6.259367573314360016e+03
6.262176945265744507e+03
6.262072082136032805e+03
6.258631360970108290e+03
6.264922712449245410e+03
6.265136250412265326e+03
6.258692810825275956e+03
6.261401497143977394e+03
6.265519045002141866e+03
6.258282673854395398e+03
6.264448289711234793e+03
6.259145118980575717e+03
6.262457413739954063e+03
6.261201109967536468e+03
6.258953035057389570e+03
6.261727433873336850e+03
6.259227959268506311e+03
6.261038904134170480e+03
6.262298194759084254e+03
6.258390658133127545e+03
6.260276600941965626e+03
6.257157969248240079e+03
6.261095079915616225e+03
6.259151183132243204e+03
6.261020477300668972e+03
6.261141855973073689e+03
6.259775222248119462e+03
6.261038222841521929e+03
6.261020241940858796e+03
6.262667283660998692e+03
6.260329020103002222e+03
6.259530962278764491e+03
6.259068998865556750e+03
6.261175525038730484e+03
6.259547582485744897e+03
6.258939472938586732e+03
6.260333975470855876e+03
6.258854535908814796e+03
6.260493957604512616e+03
6.261416868695353514e+03
6.258006880979620291e+03
6.262280498285950671e+03
6.259238758693211821e+03
6.258644209644785406e+03
6.258987693805151139e+03
6.257570238121727925e+03
6.259426793873901261e+03
6.260401049506031995e+03
6.259045792402696861e+03
6.258401594780070809e+03
6.262706665062375578e+03
6.257533959483671424e+03
6.257084531770579815e+03
6.257274254919243504e+03
6.257724766271811859e+03
6.257807408212638620e+03
6.259526748202896670e+03
6.257385141102331545e+03
6.258518383284309493e+03
6.258592140783494870e+03
6.256494677020862582e+03
6.255169265854922742e+03
6.258318375532897335e+03
6.255950826216617315e+03
6.255058343127559965e+03
6.253550750399655954e+03
6.255046344040837539e+03
6.253672570429384905e+03
6.252845761457336266e+03
6.254289929808645866e+03
6.254594919562098767e+03
6.253030995510924186e+03
6.254215821416345534e+03
6.255019422836080594e+03
6.254713870049578873e+03
6.254358734499958700e+03
6.255119293215490870e+03
6.253447910363425763e+03
6.253201588249676206e+03
6.252314801242347130e+03
6.253186935239611557e+03
6.253809179005921578e+03
6.253289291496498663e+03
6.253963876081681519e+03
6.255174744867214031e+03
6.254983232134020909e+03
6.255834672203680384e+03
6.257163656255051137e+03
6.257090900875135048e+03
6.254223552819838915e+03
6.254954048093383790e+03
6.256476972256687077e+03
6.258341861064021032e+03
6.262552380662821633e+03
6.253317934377672827e+03
6.253219207252884189e+03
6.252569784357121534e+03
6.255022185179509506e+03
6.256666265806631600e+03
6.256258129988254041e+03
6.255320554379249188e+03
6.255739107827028420e+03
6.255178073698399203e+03
6.253037823300203854e+03
6.254995452929935709e+03
6.254658145828685520e+03
6.253469926403301542e+03
6.254646657227441210e+03
6.254188621447927289e+03
6.253303287877657567e+03
6.253058109703440095e+03
6.249172141512004600e+03
6.248506240177093787e+03
6.249063002495806359e+03
6.248763853446427674e+03
6.250365102308301175e+03
6.249162627410505593e+03
6.249396254563067487e+03
6.250176875680788726e+03
6.250197694289287028e+03
6.251494128028056366e+03
6.248427841101347440e+03
6.250120141317864181e+03
6.249917992902159313e+03
6.248138375330478084e+03
6.250306943534801576e+03
6.251095149784536261e+03
6.249845367879233891e+03
6.250354650934913479e+03
6.250054200473225137e+03
6.251841243371012752e+03
6.249971812611789574e+03
6.249422462740487390e+03
6.249078270016283568e+03
6.257495787406928685e+03
6.251476021786085767e+03
6.252889714155360707e+03
6.251881572912343472e+03
6.252549946538960285e+03
6.250669293805744928e+03
6.250278324386402346e+03
6.253665637470989168e+03
6.252746038079751088e+03
6.250511401261237552e+03
6.255212739669612347e+03
6.254871788571977049e+03
6.248059054060636299e+03
6.250358452288120134e+03
6.252163021584362468e+03
6.257523325671492785e+03
6.252454302901976007e+03
6.251055652347852629e+03
6.259459843729456225e+03
6.253270265899591323e+03
6.253851309731416222e+03
6.253942922256992460e+03
6.252988529255333560e+03
6.250100997240648212e+03
6.250086553240194007e+03
6.252441979836400606e+03
6.254400214296245395e+03
6.251043763366309577e+03
6.252763223009496869e+03
6.253195677956177860e+03
6.252757804467954884e+03
6.253179756762143370e+03
6.253018845671276722e+03
6.252743025775082060e+03
6.255547255820675673e+03
6.252377736876796916e+03
6.252259487470680142e+03
6.251229382197635459e+03
6.251260894338428443e+03
6.254116805447195475e+03
6.251762211666079565e+03
6.253382907282325505e+03
6.251341669244988225e+03
6.251973633852685452e+03
6.249085440492385715e+03
6.251623138920400379e+03
6.249802196685265699e+03
6.251735839468289669e+03
6.249988293131948922e+03
6.248754700290198343e+03
6.251254508950265517e+03
6.247922762914680789e+03
6.249827044778049640e+03
6.250910356722465622e+03
6.250280737662626052e+03
6.250034701915948062e+03
6.250749099023755662e+03
6.250751280038802179e+03
6.248430999081953814e+03
6.250337004459482159e+03
6.251675575538549310e+03
6.250882230759492813e+03
6.250737514110936900e+03
6.250191874839632874e+03
6.249541819218358796e+03
6.247875293469259304e+03
6.252050940393708515e+03
6.249044054310062165e+03
6.250065044325745475e+03
6.250095785959564637e+03
6.250967650725392559e+03
6.253561732564126032e+03
6.248948051831791417e+03
6.251156812204064408e+03
6.255600365822822823e+03
6.252323990791590404e+03
6.250589117024013831e+03
6.248571590045120502e+03
6.252116538809300437e+03
6.253354577411984792e+03
6.251657810912990499e+03
6.251280498477756737e+03
6.250605043193788333e+03
6.249597151521094929e+03
6.254055864750956061e+03
6.249617359522091647e+03
6.248532779338006549e+03
6.249780909975057511e+03
6.248320008811788284e+03
6.255217651213353747e+03
6.250946533183442625e+03
6.251641272707841381e+03
6.250191935705741344e+03
6.253337929785193410e+03
6.253077225885391272e+03
6.254567327588330045e+03
6.253216453283123883e+03
6.251426542303302085e+03
6.250455540346898488e+03
6.248403255802480999e+03
6.250242650310250610e+03
6.253643532214390689e+03
6.253232238200815118e+03
6.250389724155410477e+03
6.253394649449850476e+03
6.251028553250484038e+03
6.251031874692633210e+03
6.250049720758484909e+03
6.249127846731995305e+03
6.252712114017165732e+03
6.250851479202078735e+03
6.251277312064158650e+03
6.243927837225603980e+03
6.242550298783337894e+03
6.244135499671022444e+03
6.242128125787140561e+03
6.241391989622694382e+03
6.242374556638091235e+03
6.243379689247871283e+03
6.243827784907572095e+03
6.243030909851005163e+03
6.244278687565474684e+03
6.244877563401172665e+03
6.244220897228697140e+03
6.242953229990299405e+03
6.242319730984517264e+03
6.244923604081132908e+03
6.241295936951215481e+03
6.241508890582206732e+03
6.242478581555775236e+03
6.245026176665018284e+03
6.243437314496451108e+03
6.244074441769460464e+03
6.243821846108009595e+03
6.242417214324213091e+03
6.247698083095301627e+03
6.246982606708799722e+03
6.251108898874923398e+03
6.251629726794360067e+03
6.248888086442009808e+03
6.248046211881886848e+03
6.246987953235226087e+03
6.248764335933941766e+03
6.248499586953242215e+03
6.247730719375648732e+03
6.246827169194705675e+03
6.247188893902655764e+03
6.250123438737340621e+03
6.247190839310980664e+03
6.248834529672005374e+03
6.248620241633570004e+03
6.249841549158686576e+03
6.249835632702956900e+03
6.250488240602718179e+03
6.250956933249963186e+03
6.248391040825288655e+03
6.250012643506191125e+03
6.249486443868596325e+03
6.247659519408105552e+03
6.250262350587420769e+03
6.245651024178591797e+03
6.248010970197349707e+03
6.248502209865208897e+03
6.246758121185508571e+03
6.248816064254956473e+03
6.247002612343385408e+03
6.245212534110506567e+03
6.248412069001762575e+03
6.247110586189007336e+03
6.247007020283159363e+03
6.248211561016919404e+03
6.249653923853076776e+03
6.248453118595623891e+03
6.248467179494079573e+03
6.249414216103687068e+03
6.248969329269717491e+03
6.248084342900091542e+03
6.247524964689815533e+03
6.247936214801576170e+03
6.246715175485578584e+03
6.250094557914820143e+03
6.247710363652693559e+03
6.249725795378833027e+03
6.247873022670571117e+03
6.247552472663443950e+03
6.246604647696341090e+03
6.246678878533264651e+03
6.246889882658022543e+03
6.247313158411494442e+03
6.248699721372691783e+03
6.248977180592977675e+03
6.247385082914342092e+03
6.246874160758166909e+03
6.249950755729352750e+03
6.248303685607201260e+03
6.247069281807938751e+03
6.247162109650542334e+03
6.246164443814745027e+03
6.247088839100449150e+03
6.249902882822340871e+03
6.247659516779463956e+03
6.249221962817608983e+03
6.248730330381863496e+03
6.246259820843226407e+03
6.243782807596122439e+03
6.247303872481382314e+03
6.244662062292619339e+03
6.245184421809009109e+03
6.247093629409405366e+03
6.245385721415780608e+03
6.245317006206488259e+03
6.246359424402031436e+03
6.246078160431321521e+03
6.245333563024751129e+03
6.245460413670445632e+03
6.245326592930472543e+03
6.246992059394437092e+03
6.244598887423991073e+03
6.243629289664632779e+03
6.244194385119212711e+03
6.245126135502221587e+03
6.244629611343552824e+03
6.247395727020565573e+03
6.243730472247869329e+03
6.245928890470883744e+03
6.246030946827249863e+03
6.246945158827864361e+03
6.250311090024347322e+03
6.251282464460122355e+03
6.251898903103496195e+03
6.251834171059441360e+03
6.249957038757973351e+03
6.249603415621003478e+03
6.251700581198851978e+03
6.250903026214528836e+03
6.254101547976405527e+03
6.250796118588558784e+03
6.253495713384197188e+03
6.250915320144521502e+03
6.250916606637871155e+03
6.251225786664673251e+03
6.253657344937914786e+03
6.249979638740351220e+03
6.252479050864669262e+03
6.250616033634176347e+03
6.250914087593911972e+03
6.251009951085738976e+03
6.250480762290491839e+03
6.249667726677239443e+03
6.250737644640472354e+03
6.248523349293581305e+03
6.251107369141302115e+03
6.252098089002522102e+03
6.250911026658433912e+03
6.247433803446512684e+03
6.250296704996477274e+03
6.248305624663577873e+03
6.248078290665861459e+03
6.247967713228596949e+03
6.250697590776838297e+03
6.250134927013776178e+03
6.248230200230795162e+03
6.252940269856540908e+03
6.249906926527868563e+03
6.251745848919847049e+03
6.250411985929100410e+03
6.250257043075192996e+03
6.249810644259855508e+03
6.252268614252233419e+03
6.251006918426021912e+03
6.248462893650582373e+03
6.252547823376243286e+03
6.248454072249745877e+03
6.253651820730779946e+03
6.249205018181380183e+03
6.250431372139841187e+03
6.249257626613095454e+03
6.252300891494519419e+03
6.250663822274457743e+03
6.255340311852962259e+03
6.250702480158920480e+03
6.252205055331402036e+03
6.250980806804192071e+03
6.251169262458750381e+03
6.250881238700898393e+03
6.251421683640576703e+03
6.253107401013747221e+03
6.253860602380192176e+03
6.251898961021277501e+03
6.250792266319036571e+03
6.251891354834805497e+03
6.252534167496099144e+03
6.253189827525936380e+03
6.248726000446595208e+03
6.250524899558644393e+03
6.251178154131420342e+03
6.252768969482789544e+03
6.251560806260513345e+03
6.253829261031384704e+03
6.252012814714313208e+03
6.249545037920324830e+03
6.252096758278692505e+03
6.249845192916458473e+03
6.251934650109593349e+03
6.251034353094403741e+03
6.249788792708975961e+03
6.250922574239923051e+03
6.253941507418265246e+03
6.252827712886582049e+03
6.253692552947076365e+03
6.251622648169176500e+03
6.253346986526247747e+03
6.251596183299699987e+03
6.254128171668868163e+03
6.252543625449399769e+03
6.251882621376131283e+03
6.250654540093456490e+03
6.251889863315142065e+03
6.252701155199307323e+03
6.248442821728775016e+03
6.248885594270536785e+03
6.249917933273812196e+03
6.249514026817476406e+03
6.248287510563753131e+03
6.250501157548565971e+03
6.250487576020492270e+03
6.250957722562202434e+03
6.250318474341623187e+03
6.249143551249297161e+03
6.247714781976219456e+03
6.248985007184834103e+03
6.250506122839679847e+03
6.248236145695774212e+03
6.248927329864392050e+03
6.248116598991676256e+03
6.248144416624910264e+03
6.246092628334522487e+03
6.244976860464697893e+03
6.249619603238013951e+03
6.249609919555340639e+03
6.246226933770237338e+03
6.249777074645496214e+03
6.255387740599243443e+03
6.256198604929504654e+03
6.256837812813751043e+03
6.259464099283462019e+03
6.258213629575805498e+03
6.260201588606308178e+03
6.260002999010430358e+03
6.259389361442650625e+03
6.259351385025767740e+03
6.258166817586744401e+03
6.254750480673314087e+03
6.259352161142048317e+03
6.258483080642389723e+03
6.259552285415020378e+03
6.256414974767243621e+03
6.259899079458063170e+03
6.255348513045312757e+03
6.259226210881736733e+03
6.258363473049910681e+03
6.256936542036305582e+03
6.256940856367805281e+03
6.256559977318811434e+03
6.259441776828962247e+03
6.253527835378084092e+03
6.251069436238154594e+03
6.252213002611159027e+03
6.253765275433224815e+03
6.254363922966544123e+03
6.251985452530751900e+03
6.249327552653703606e+03
6.249921975107667095e+03
6.252862262221291530e+03
6.254214085653533402e+03
6.254826711685768714e+03
6.253559070533297927e+03
6.253525244310973903e+03
6.251521685441933187e+03
6.252019256803229837e+03
6.253179971376669528e+03
6.252535312486478688e+03
6.250707130030396002e+03
6.253267765056225471e+03
6.252726885551233863e+03
6.254303573734067868e+03
6.249339593757510556e+03
6.251899419665268397e+03
6.265931215240781057e+03
6.259827598043131729e+03
6.262431759201534078e+03
6.260225004611535041e+03
6.260731816662250822e+03
6.261428196916606794e+03
6.259141941048557783e+03
6.262160792057518847e+03
6.261553841521144932e+03
6.261288647783900160e+03
6.260342562754607570e+03
6.258742202631814507e+03
6.262423322743611607e+03
6.259658007626764629e+03
6.260002606535019368e+03
6.258688985210829742e+03
6.261738286958930985e+03
6.261243600555624653e+03
6.258588256822776202e+03
6.269674266616739260e+03
6.266585931981271642e+03
6.267470560477672734e+03
6.268078722099738116e+03
6.267719184317223153e+03
6.266947950490227413e+03
6.266828918999764028e+03
6.266120428271383389e+03
6.265880784429383311e+03
6.265830785272230969e+03
6.265210014379649692e+03
6.264930500961666439e+03
6.267634862711414826e+03
6.268288817431022835e+03
6.264803317151083320e+03
6.266224907256480947e+03
6.265955002192458778e+03
6.267969775552622195e+03
6.266097063458391858e+03
6.266715084060710069e+03
6.268159066899517711e+03
6.264024981210750411e+03
6.267062646582914567e+03
6.267810856755753775e+03
6.265171029843303586e+03
6.264013675372244506e+03
6.266488098630509739e+03
6.265795708718573223e+03
6.265595804840034361e+03
6.269039742902664329e+03
6.268776452897183844e+03
6.264255145983205693e+03
6.271868095320048269e+03
6.267993480244324019e+03
6.263314092407412318e+03
6.261756836406769253e+03
6.265039060031764166e+03
6.262569433089043741e+03
6.263121446915967681e+03
6.267123639126669332e+03
6.263591002004451184e+03
6.264263472151475980e+03
6.267995145721366498e+03
6.263531234286765539e+03
6.263248123223416769e+03
6.265986641313639666e+03
6.266693676606125337e+03
6.265992772670084378e+03
6.268680268078412155e+03
6.267534559220000119e+03
6.270210824531070102e+03
6.269194202725422656e+03
6.268626133095031037e+03
6.267827873892175376e+03
6.266703335970527405e+03
6.264684096821804815e+03
6.266372197081112972e+03
6.268410560936172260e+03
6.267342967637806396e+03
6.268192853773703973e+03
6.266963900491043205e+03
6.263541644831952908e+03
6.264125195556805920e+03
6.264866203662104454e+03
6.266814207941426503e+03
6.267239735011092307e+03
6.265824301347654909e+03
6.268098040254404623e+03
6.267679268296052214e+03
6.265915028409728620e+03
6.268971018417462801e+03
6.265361272068770631e+03
6.264901840807729059e+03
6.264475154069749806e+03
6.266263063928777228e+03
6.265077883141872007e+03
6.265390418970407154e+03
6.264225392184800512e+03
6.266320962296306789e+03
6.265719108720907570e+03
6.265758515464016455e+03
6.267479277876244851e+03
6.264100360733994421e+03
6.265462340493127158e+03
6.268575543651248154e+03
6.266532816486011143e+03
6.266859033645705495e+03
6.266003717092685292e+03
6.263821966708408581e+03
6.266566437378306546e+03
6.266922976514168113e+03
6.267775418613602596e+03
6.270039235064218701e+03
6.268580419569731930e+03
6.267864631544677650e+03
6.269928501593451983e+03
6.271998157249873657e+03
6.269913673883478623e+03
6.270478733733441004e+03
6.269836287225529304e+03
6.265519149382469550e+03
6.266469790270075464e+03
6.263956916787327827e+03
6.264098361660431692e+03
6.266134872449119939e+03
6.268280592624951169e+03
6.265116711596615460e+03
6.268792218308122756e+03
6.268856932436885472e+03
6.267881661154761787e+03
6.270142059163580598e+03
6.268583362446530373e+03
6.267296784487217337e+03
6.267414156089796961e+03
6.267091400675286422e+03
6.271538112511168038e+03
6.271043349200304874e+03
6.270397219958138521e+03
6.269440864695734490e+03
6.270894727089907065e+03
6.270829353893251209e+03
6.268354682766790575e+03
6.269662968809109771e+03
6.269571811191794040e+03
6.270046097382741209e+03
6.269865566121178745e+03
6.269240504037266874e+03
6.268667333300932114e+03
6.267369476539216521e+03
6.270793317640310306e+03
6.267952350802490400e+03
6.269248919109330927e+03
6.271051979562124870e+03
6.265133159632451679e+03
6.268322875862922956e+03
6.273652518583967321e+03
6.268999093317754159e+03
6.271620607421169552e+03
6.274704430189961386e+03
6.254380704782777684e+03
6.265158216322806766e+03
6.267626695606249996e+03
6.272290889757238801e+03
6.274790384351513239e+03
6.258076235675011048e+03
6.256865955834733541e+03
6.272412280226279108e+03
6.271652836872408443e+03
6.259425366377175123e+03
6.270202195595387821e+03
6.259597935809498267e+03
6.255992999207193861e+03
6.261774147794538294e+03
6.271707223039465134e+03
6.270255202454556638e+03
6.270052205197576768e+03
6.273720498829123244e+03
6.269995082262144933e+03
6.272140375050837974e+03
6.273156255985766620e+03
6.273315232778056270e+03
6.274196793968238126e+03
6.273970834940580971e+03
6.269121918568560432e+03
6.272722507873641007e+03
6.272611942288563114e+03
6.270467266716432277e+03
6.270289529061054964e+03
6.272826434698615230e+03
6.272955348928717285e+03
6.273146057191058389e+03
6.273019145003753692e+03
6.273112776586351174e+03
6.273394270537537523e+03
6.269906636799042644e+03
6.272258839500788781e+03
6.273192676663786187e+03
6.277178386714950648e+03
6.283052791279044868e+03
6.280673502225045922e+03
6.268851198699441738e+03
6.270823628127182928e+03
6.268395317162633546e+03
6.267853181934823624e+03
6.268447831357009818e+03
6.271049345242324307e+03
6.270188515124776131e+03
6.273973812427029770e+03
6.273575614289901750e+03
6.272864351430643183e+03
6.271723640607493508e+03
6.273758938537893300e+03
6.270692036182848824e+03
6.271615517160723357e+03
6.271312497730168616e+03
6.270678479823778616e+03
6.270737419091295124e+03
6.269519774070274252e+03
6.270587179586697857e+03
6.271668994290554110e+03
6.292974277708613045e+03
6.293680892334187774e+03
6.327410139158220773e+03
6.308388961926868433e+03
6.302186269598027138e+03
6.307301255878601296e+03
6.293359232113257349e+03
6.301648104015805984e+03
6.293434204954131928e+03
6.293978395356730289e+03
6.293645225294622833e+03
6.292250085422708253e+03
6.291097423807390442e+03
6.293018537203279266e+03
6.291977789461558132e+03
6.298503893777985468e+03
6.309022155115493661e+03
6.306115094847964428e+03
6.296196899620396835e+03
6.293300348167739685e+03
6.308614284849170872e+03
6.305171232899309871e+03
6.293710496018263257e+03
6.295616817694260135e+03
6.295961499704353628e+03
6.288317979007027134e+03
6.287984421769810979e+03
6.287141432134982097e+03
6.287515630900172255e+03
6.288254630595204617e+03
6.289528189745384225e+03
6.289490150861609436e+03
6.288435047795993341e+03
6.288991324448527848e+03
6.287287261241411215e+03
6.287319363979597256e+03
6.288136146215493682e+03
6.289301209667522926e+03
6.287993909204607007e+03
6.286830206611409267e+03
6.286419171434634336e+03
6.288580900752535854e+03
6.287215742724852134e+03
6.287166288283096947e+03
6.287067820709728039e+03
6.287048455425705470e+03
6.288009224839939634e+03
6.288671181833258743e+03
6.288267097887137425e+03
6.286241157053878851e+03
6.292159191039019788e+03
6.288724921667700983e+03
6.288998811419615777e+03
6.289427665572410660e+03
6.291138085004584354e+03
6.290057120124130961e+03
6.295115391024291966e+03
6.290508911502484807e+03
6.292726239007001823e+03
6.291169671721931081e+03
6.290906608676341421e+03
6.291520362722728350e+03
6.290811314550530369e+03
6.290629527060381406e+03
6.292446136756211672e+03
6.294382385167766188e+03
6.290427599419264880e+03
6.293189713352315266e+03
6.292018074687130138e+03
6.292774372840354772e+03
6.292682592327379098e+03
6.292532805568107506e+03
6.292267903801221109e+03
6.292977024343063931e+03
6.290886767890374358e+03
6.292284840242842620e+03
6.290459438293289168e+03
6.289799825056801637e+03
6.289242900862802344e+03
6.289058418902208359e+03
6.290895995722178668e+03
6.292030875969740009e+03
6.290347438165321364e+03
6.288841649694768421e+03
6.288360888386904662e+03
6.289733062387103018e+03
6.289156594425403455e+03
6.290399939836424892e+03
6.290446775688034904e+03
6.289434239680233077e+03
6.289073081315228592e+03
6.290513705083151763e+03
6.291584529098203348e+03
6.290096879561017886e+03
6.291611667363024026e+03
6.290616177666048316e+03
6.289715975442140007e+03
6.292034024654435598e+03
6.291945251868375635e+03
6.290508428203008407e+03
6.290354452543119805e+03
6.290405946432342716e+03
6.289559060281253551e+03
6.288565302548054206e+03
6.294943279039327535e+03
6.296025887907964716e+03
6.293819482845057792e+03
6.297419928270097444e+03
6.293163173829702828e+03
6.294943868157049110e+03
6.295758624284347206e+03
6.295893561405032415e+03
6.297545568564888526e+03
6.294259424995811059e+03
6.295209487634268044e+03
6.296105841906564820e+03
6.296461753086933641e+03
6.295134167299253932e+03
6.293406565726256304e+03
6.293781306378174122e+03
6.291914664378881753e+03
6.294651850380884753e+03
6.297103863437218934e+03
6.295232334495850409e+03
6.294827610207596081e+03
6.293435489778532428e+03
6.294506673030595266e+03
6.292617790939199949e+03
6.293456109306908729e+03
6.293907022567214881e+03
6.293991551610757597e+03
6.295029529779404584e+03
6.293056475665706785e+03
6.294535795314587631e+03
6.287875152056905790e+03
6.285949924666962943e+03
6.287193575021866309e+03
6.286807883123398824e+03
6.287073659518822751e+03
6.286746002571991085e+03
6.286724715032269160e+03
6.287487488253527772e+03
6.287606491032382110e+03
6.288106901726226170e+03
6.288158819949995632e+03
6.289128848357481729e+03
6.286843846063910860e+03
6.286842698314113477e+03
6.289996038929546557e+03
6.290436058427267199e+03
6.289896712806664254e+03
6.287197834640247493e+03
6.288504134256924772e+03
6.286611720020569919e+03
6.290752532440671530e+03
6.290940973038281300e+03
6.288821852974006106e+03
6.288705707670183074e+03
6.293075256556357090e+03
6.291447806261176993e+03
6.287232543060844364e+03
6.294767970067379792e+03
6.292038765978294578e+03
6.291970986970413833e+03
6.290905375872924196e+03
6.292401607046706886e+03
6.293592965144105619e+03
6.293989048028874095e+03
6.290944902239575640e+03
6.291791679849870889e+03
6.292394724895958461e+03
6.291547980896486479e+03
6.292606123131583445e+03
6.292813615815919547e+03
6.293413686306032105e+03
6.293871868207045736e+03
6.294553769397303768e+03
6.293328525629944124e+03
6.293173866367308619e+03
6.293011149033294714e+03
6.292247762406397669e+03
6.291460790914969948e+03
6.292835691962078272e+03
6.292627316739101843e+03
6.289665699044797293e+03
6.284005451447454107e+03
6.284575228117731967e+03
6.287358259940499011e+03
6.286477881274485298e+03
6.285526273389046764e+03
6.286444003866379717e+03
6.286101458291596828e+03
6.285026235125312269e+03
6.287214834485583197e+03
6.289532729962439589e+03
6.283170393248655273e+03
6.285731274842597486e+03
6.283909604248286087e+03
6.285366550194981755e+03
6.283348340783139975e+03
6.288824631269456404e+03
6.288889964070276619e+03
6.288464829451287187e+03
6.284282241081587927e+03
6.288378569522200451e+03
6.286807068031583185e+03
6.289851301120289463e+03
6.284481923828436265e+03
6.287515490175275772e+03
6.284435327393775879e+03
6.285066625436596041e+03
6.291283118029750767e+03
6.282021784442227727e+03
6.280232910846710183e+03
6.282429396405871557e+03
6.284011527556142937e+03
6.280762023569805024e+03
6.276324207904755895e+03
6.276957133569625512e+03
6.278673108495663655e+03
6.276838303666161664e+03
6.276997770788088928e+03
6.279064807244079930e+03
6.278958433524179782e+03
6.281252037463630586e+03
6.278413242035419898e+03
6.278992054844806262e+03
6.282693422435505454e+03
6.278636928287642149e+03
6.282689106350963812e+03
6.281071668542892439e+03
6.283275400555090528e+03
6.281285781971821052e+03
6.282660466929085487e+03
6.280783896184052537e+03
6.279611882515761863e+03
6.280044850816209873e+03
6.285899205255946981e+03
6.288504339501733739e+03
6.285916309431290756e+03
6.291800617062650417e+03
6.285642593607226445e+03
6.286621641621543858e+03
6.292501178317667836e+03
6.286359898779829564e+03
6.283273737104624161e+03
6.281487573439460903e+03
6.282442352855751778e+03
6.282959463172381220e+03
6.283865014182233608e+03
6.284071344570252222e+03
6.283472398998872450e+03
6.281687417158004791e+03
6.280880983678806842e+03
6.282949627084703025e+03
6.283476435782535191e+03
6.280587712242253474e+03
6.282000256865047959e+03
6.280337973528983639e+03
6.285250799125878075e+03
6.280548045954898043e+03
6.283228094864882223e+03
6.288363305610339012e+03
6.279471469416958826e+03
6.285953255559195895e+03
6.284660452577158139e+03
6.284872620899570393e+03
6.284466306402926421e+03
6.284752173654939725e+03
6.284978468709053232e+03
6.284468388000494087e+03
6.284406362397854537e+03
6.287654439348420055e+03
6.284090801196546636e+03
6.286120278107216109e+03
6.282512567164068059e+03
6.288880718210900341e+03
6.281869713432753088e+03
6.287428761114719237e+03
6.286201817388800919e+03
6.287620774235137105e+03
6.284896568002541244e+03
6.285673300513650247e+03
6.286539865848384579e+03
6.284107175749375529e+03
6.284986519831538317e+03
6.284014323222099847e+03
6.285490459764652769e+03
6.283803226880382681e+03
6.289834673065207426e+03
6.288668401455286585e+03
6.291255476201316014e+03
6.285554400475233706e+03
6.285878152699866405e+03
6.287240519266560113e+03
6.285568224779787670e+03
6.285689964883302309e+03
6.285516492312223818e+03
6.285579426234581661e+03
6.285969278932841917e+03
6.284119889523827624e+03
6.286831501835477866e+03
6.288689370986125141e+03
6.286238794979646627e+03
6.286278290715660660e+03
6.282398715142616311e+03
6.284083649425622752e+03
6.288492275145406893e+03
6.284400853174348413e+03
6.287656602406366801e+03
6.286710987340044085e+03
6.285008853232297042e+03
6.281726936623946131e+03
6.281426503323644283e+03
6.281781497607053097e+03
6.283031793007003216e+03
6.287247029556085181e+03
6.287888827244147251e+03
6.284782795968591927e+03
6.289396242258635539e+03
6.281486578032196121e+03
6.287145552136613333e+03
6.282701568346952627e+03
6.282119676172153049e+03
6.281705887060062196e+03
6.284510686043946407e+03
6.286075152862336836e+03
6.283049474215760711e+03
6.286087274368860562e+03
6.285012682556069194e+03
6.284356752789182792e+03
6.285129661510600272e+03
6.282517184402115163e+03
6.283408569972819350e+03
6.287104608120491321e+03
6.284022668964634249e+03
6.284172299981992182e+03
6.286320662706470102e+03
6.284396287856387971e+03
6.287922394375323165e+03
6.280537749959597932e+03
6.282054605668726253e+03
6.285120526423760566e+03
6.285658933629709281e+03
6.280240159788022538e+03
6.284380594089070655e+03
6.289080431347563717e+03
6.283584797492640064e+03
6.283171203365362999e+03
6.286627089404181788e+03
6.283493593322521519e+03
6.284156467116778003e+03
6.283266800185664579e+03
6.282830576226255289e+03
6.283989137089939504e+03
6.282131200289063599e+03
6.282531616456737538e+03
6.281701877230872924e+03
6.283578144404880732e+03
6.283187762638685854e+03
6.282166695282330693e+03
6.285056956213483318e+03
6.281500978245548140e+03
6.285283709214457303e+03
6.284936596738659318e+03
6.284783529880778588e+03
6.282032042397693658e+03
6.279344023441107311e+03
6.281638191890909184e+03
6.280633489606751027e+03
6.278052625008835093e+03
6.281550104546336115e+03
6.281865838386592259e+03
6.281052349674090692e+03
6.280809315239061107e+03
6.281228840767562360e+03
6.279947784605104971e+03
6.280032873683785510e+03
6.278146858487554709e+03
6.279675287135044528e+03
6.280406445021189938e+03
6.279780833737064313e+03
6.280106134199378175e+03
6.279763403380426098e+03
6.281360148663407017e+03
6.278723928406045161e+03
6.281295015117189905e+03
6.279978104791584883e+03
6.280426452003433042e+03
6.278220094566792795e+03
6.280132125982656362e+03
6.281288464391338493e+03
6.281277916377484871e+03
6.282577994154649787e+03
6.280476047698241018e+03
6.279733698549009205e+03
6.286236713010060157e+03
6.282553163280358604e+03
6.280427261230659497e+03
6.280421493118024955e+03
6.280913351641517693e+03
6.282454607861137447e+03
6.284182160448916875e+03
6.281726069359420762e+03
6.282238551604378699e+03
6.282267761131228326e+03
6.285499892890397859e+03
6.281908600944267164e+03
6.280652650397779325e+03
6.283559993949713316e+03
6.279986454170864818e+03
6.283426357683487367e+03
6.282380971582293569e+03
6.279581349387932278e+03
6.280030548893147170e+03
6.283826646808727673e+03
6.281425954374010871e+03
6.270135519168202336e+03
6.271611797767007374e+03
6.271619586541659373e+03
6.272039303489367740e+03
6.273071439199174165e+03
6.271666824452596302e+03
6.271831297226816787e+03
6.272346587175830791e+03
6.271105267470518811e+03
6.273882776784599628e+03
6.270803158392102887e+03
6.269698027318893764e+03
6.269913219136275984e+03
6.271471564810434757e+03
6.270392746126291058e+03
6.271692356430460677e+03
6.270343672201687696e+03
6.271434871486420889e+03
6.271390550811409412e+03
6.270456278702696181e+03
6.272568641346731965e+03
6.271995370279966664e+03
6.270058433528398382e+03
6.271339563925362199e+03
6.272178542814932371e+03
6.273243215083349241e+03
6.271443957034955929e+03
6.274846739878912558e+03
6.274189958632917296e+03
6.271436970953085620e+03
6.274472956362928016e+03
6.269752920584522144e+03
6.270320159540847271e+03
6.267043872935655600e+03
6.269810394353392439e+03
6.267643051766013741e+03
6.267578862066143301e+03
6.266181412776686557e+03
6.268645574008037329e+03
6.266397943509969082e+03
6.268158388663404367e+03
6.265522560873942894e+03
6.266518733276207968e+03
6.268452292925897382e+03
6.266285874882186363e+03
6.268486000081499697e+03
6.266407480402469446e+03
6.268301143323997167e+03
6.267963401612898451e+03
6.266744382274682721e+03
6.274926649006454682e+03
6.274330698633769316e+03
6.274921860875197126e+03
6.277967076394378637e+03
6.275174904213846276e+03
6.274720635262788164e+03
6.278609628728162534e+03
6.277144078726813859e+03
6.275210420873757357e+03
6.274570486683076524e+03
6.279066079140360671e+03
6.272896596713178042e+03
6.275028342566613901e+03
6.275636199155402210e+03
6.273561963770092916e+03
6.274564161935832999e+03
6.275398917933221128e+03
6.275464835778312590e+03
6.275757554371766673e+03
6.274000209192481634e+03
6.266965488342276331e+03
6.267304672775640938e+03
6.270611550143312343e+03
6.270807097140246697e+03
6.269814810786832822e+03
6.269380726393025725e+03
6.273571915297152373e+03
6.271260171594791245e+03
6.273445731838771280e+03
6.271232982633655411e+03
6.270496595529698425e+03
6.271866524124812713e+03
6.270635905471056503e+03
6.272870317841547148e+03
6.270601509917210933e+03
6.272220616396284640e+03
6.272014506200526739e+03
6.268961092847465807e+03
6.270505129132676302e+03
6.271272919288096091e+03
