2.334013475997689102e-01
2.334081310723481462e-01
2.335636801632882120e-01
2.331732224893668937e-01
2.330598854178626000e-01
2.338472269996811070e-01
2.333567347890139476e-01
2.330032632714768848e-01
2.334723015662033552e-01
2.336829679290592932e-01
2.335247417652514812e-01
2.341198362932464250e-01
2.344193356263971073e-01
2.336795788674963514e-01
2.335203332561314460e-01
2.340454266045310650e-01
2.342650468175777878e-01
2.335529513151510250e-01
2.336999530519216217e-01
2.333985687253354868e-01
2.335135479550189408e-01
2.330258737967423888e-01
2.337389914776655253e-01
2.339157059985115528e-01
2.335270076101069459e-01
2.342515022214914089e-01
2.339031711464971131e-01
2.334421806995090054e-01
2.332000962564582114e-01
2.333539366660737080e-01
2.333207262129906312e-01
2.328593770820227005e-01
2.330786140481496127e-01
2.330672375068693902e-01
2.334995797050820887e-01
2.333219595578921168e-01
2.337733538282865120e-01
2.330271395656839384e-01
2.332688091390428542e-01
2.331084277616332912e-01
2.334776412795561973e-01
2.339052345572492364e-01
2.337935984295617109e-01
2.330319434316356630e-01
2.335493973483586394e-01
2.331893427216537307e-01
2.332076337818122791e-01
2.335884234536132198e-01
2.332631450815371987e-01
2.337084395242804979e-01
2.330232026670221168e-01
2.342141630066194025e-01
2.332275648124666201e-01
2.320146756514299413e-01
2.337520900535692281e-01
2.333219096004116033e-01
2.331322218736535945e-01
2.332350248281414573e-01
2.337956607454006464e-01
2.333883467630320507e-01
2.330413158068374568e-01
2.338147433803301478e-01
2.330768625800209159e-01
2.330240652797579415e-01
2.333937446001113636e-01
2.337946209872580061e-01
2.335020394887778461e-01
2.332252711217647767e-01
2.332558834415318916e-01
2.334680465172337682e-01
2.334187210180414807e-01
2.325319925222108508e-01
2.327577529603228335e-01
2.330376104026547490e-01
2.331303291332946781e-01
2.332382394990468177e-01
2.325762102703798073e-01
2.332872678249929832e-01
2.330844951920475749e-01
2.328391296852680703e-01
2.330918939079067720e-01
2.331067080659859903e-01
2.326217867044534371e-01
2.325063439838466195e-01
2.330144044300024031e-01
2.322418458093960247e-01
2.323987150612085439e-01
2.324660712518580308e-01
2.322879676789603165e-01
2.320742715480072771e-01
2.326464262347125445e-01
2.328218371666745390e-01
2.327607817316145744e-01
2.326917796730944843e-01
2.328537690028588680e-01
2.323028116172705382e-01
2.333413685909705992e-01
2.328441434211607763e-01
2.337510049439318893e-01
2.329173709704489281e-01
2.328214420171535182e-01
2.329708144336771480e-01
2.324175494571043277e-01
2.323243389863481889e-01
2.330157378450805894e-01
2.331351735335605302e-01
2.324943746115048226e-01
2.330057196953490284e-01
2.331057932018580636e-01
2.329018638972075728e-01
2.332466901788601277e-01
2.327850598574791319e-01
2.326874968891887996e-01
2.328000788151266542e-01
2.332152872967204471e-01
2.338019364065275219e-01
2.332860054112357862e-01
2.329630091391181601e-01
2.325485908267378721e-01
2.327565395337574394e-01
2.328396710318944574e-01
2.325732488247844176e-01
2.324573275577119791e-01
2.320124396777509534e-01
2.317844225169822525e-01
2.328810378044643969e-01
2.325182028828393088e-01
2.318457040573324579e-01
2.319545215030568985e-01
2.323314519958637192e-01
2.320417415503249758e-01
2.317469108850695736e-01
2.318093254770765277e-01
2.322087738956191971e-01
2.324728794984325386e-01
2.326495510382500242e-01
2.319539061884011988e-01
2.320546854120840163e-01
2.322839994233832916e-01
2.324488913609630281e-01
2.320073940169359306e-01
2.321057188932019455e-01
2.321194617741206001e-01
2.319671790609342810e-01
2.317845348167038022e-01
2.317650567860017885e-01
2.320963192007211850e-01
2.321456630169056179e-01
2.326517143189071601e-01
2.318890596709994034e-01
2.321983118829208104e-01
2.320372401682219143e-01
2.316805224783697048e-01
2.325284608523347507e-01
2.322688603964964960e-01
2.314827034121970661e-01
2.319340171330160627e-01
2.319640188270992998e-01
2.321055100705854135e-01
2.322509927606333791e-01
2.321673692030765401e-01
2.330521331018373388e-01
2.322390956423421027e-01
2.326371322430383637e-01
2.328156720178559680e-01
2.330111108561596922e-01
2.327245550476203517e-01
2.325714821960896128e-01
2.328964103296781163e-01
2.329667159255156272e-01
2.327054574447063040e-01
2.323757160581516601e-01
2.311655680333450924e-01
2.316950359636332502e-01
2.317350226544083180e-01
2.317479643213136986e-01
2.317852059120484309e-01
2.316022775512615595e-01
2.323737430091566136e-01
2.323079781209917427e-01
2.322587198710093781e-01
2.319990519783782512e-01
2.318707623474173252e-01
2.316774540696455720e-01
2.316154385098709301e-01
2.321738893857853703e-01
2.326351486008707559e-01
2.318261172184093444e-01
2.318893587740966655e-01
2.319521295397957983e-01
2.316573739706303814e-01
2.322651046171212430e-01
2.317193744246477394e-01
2.326307038268509708e-01
2.318127675161163193e-01
2.320889188368707723e-01
2.324390696367564513e-01
2.327551486412953730e-01
2.318448307013719345e-01
2.310696191838640390e-01
2.326405343067017017e-01
2.321868306512640812e-01
2.316619702997506636e-01
2.321451498441857164e-01
2.321584405422433828e-01
2.324817663051319261e-01
2.329245335649370585e-01
2.322450461268275035e-01
2.320146371396295260e-01
2.324067131986461698e-01
2.323346945685801079e-01
2.317163773197426502e-01
2.320544660281199933e-01
2.320736940083561461e-01
2.314680363862208212e-01
2.314029147534366893e-01
2.320304538124814964e-01
2.323242923550252748e-01
2.318234614105878777e-01
2.320000923674018778e-01
2.320627400185480138e-01
2.324675617284313323e-01
2.321271778037409250e-01
2.325116145173544702e-01
2.320969907820277234e-01
2.320894595772264035e-01
2.317091831881185338e-01
2.323603376818564326e-01
2.317076288421394403e-01
2.322144582663213663e-01
2.313468287749855246e-01
2.314041074771144013e-01
2.320653709217629090e-01
2.314202423601756375e-01
2.314454405671104997e-01
2.314308548937409615e-01
2.315119090320250095e-01
2.321713700311655859e-01
2.318686221458191865e-01
2.318963069251169240e-01
2.314296949145103754e-01
2.321595891386011579e-01
2.319581459542560120e-01
2.317458157958087184e-01
2.319158184199650863e-01
2.315242496284299345e-01
2.317387795505087833e-01
2.316627347802312775e-01
2.316758697786149845e-01
2.319681115430741181e-01
2.316195269349577979e-01
2.319428305481273100e-01
2.321205875304866717e-01
2.323745595026688315e-01
2.318784396739969333e-01
2.322409293318654644e-01
2.324622270918537126e-01
2.326256321521950332e-01
2.323432667637674032e-01
2.325227171059922604e-01
2.318450808741190083e-01
2.321674945494204001e-01
2.323321273536649856e-01
2.319287420424575863e-01
2.321787014276445460e-01
2.327502856771124784e-01
2.325564429087463580e-01
2.321252857508877554e-01
2.320955285987632288e-01
2.322159280814888593e-01
2.319435072764802763e-01
2.322344740723472911e-01
2.321381864243227400e-01
2.326379835911421279e-01
2.321183515938886888e-01
2.320837996429520877e-01
2.323824153023413275e-01
2.322432090857977638e-01
2.318517660114657597e-01
2.321634435487549275e-01
2.322850621270775295e-01
2.321006285840311045e-01
2.313812760055822537e-01
2.316030738587940285e-01
2.312053555855699827e-01
2.315677904014419586e-01
2.319536438068853512e-01
2.316791315914629446e-01
2.316845036422513215e-01
2.314580725512504489e-01
2.313855460482338033e-01
2.316456317924522335e-01
2.313875812580175051e-01
2.311335763771029672e-01
2.309788433971269039e-01
2.314418361011500169e-01
2.319017271944528724e-01
2.316004677871759954e-01
2.318374816963706675e-01
2.314032099243634455e-01
2.316399909860131778e-01
2.316469311434179446e-01
2.317073778300445808e-01
2.318674785414322759e-01
2.317286346835879252e-01
2.314014217195075329e-01
2.315144822295470139e-01
2.313136834089191129e-01
2.312682840131043971e-01
2.315059810552540231e-01
2.316797842398461982e-01
2.319021813846986191e-01
2.315745640493588886e-01
2.316150186807054978e-01
2.319110046166671102e-01
2.325684074218775377e-01
2.320196409709388563e-01
2.322504908240906607e-01
2.319428547407831886e-01
2.320322181548382934e-01
2.318761262169270754e-01
2.320407443495117739e-01
2.320733136641297822e-01
2.323602266158848739e-01
2.305700443375519049e-01
2.305396222574666865e-01
2.302377454771420973e-01
2.302928530790327166e-01
2.301328804637794156e-01
2.303722317622501903e-01
2.303925441073352842e-01
2.302049460890909227e-01
2.306452576885033579e-01
2.302614701410072295e-01
2.305729839998554020e-01
2.304857709836016511e-01
2.306345687255624000e-01
2.304984677833057383e-01
2.303493680866837701e-01
2.301510480451064433e-01
2.306322467117230268e-01
2.302993228005112691e-01
2.305308924021435002e-01
2.306178562501570439e-01
2.304740309695258171e-01
2.303820887886428859e-01
2.302213411593468373e-01
2.302423317668358671e-01
2.304718730000733240e-01
2.305237709526228029e-01
2.304895968376860782e-01
2.305003428957772549e-01
2.309249087507886933e-01
2.309904734231356116e-01
2.310564508426032060e-01
2.307864256966566385e-01
2.310584893088203084e-01
2.307968893490770501e-01
2.306812655246803234e-01
2.312774502900433182e-01
2.310383430601150867e-01
2.304856561254338687e-01
2.311720142734318140e-01
2.308938157414792136e-01
2.308545642225446337e-01
2.306502632282159404e-01
2.303702176151831149e-01
2.306056927041945648e-01
2.305425427507903635e-01
2.309100306142633507e-01
2.310244505817858618e-01
2.310720328872677976e-01
2.307009101040506660e-01
2.309107502138557644e-01
2.311224217513026813e-01
2.302951282032008051e-01
2.306570860192863892e-01
2.310315079779669822e-01
2.308672923691032774e-01
2.311741486475344109e-01
2.306437593692886034e-01
2.304951439710573591e-01
2.306245198213192904e-01
2.303530142393555580e-01
2.306617761432951663e-01
2.307493731909802392e-01
2.302891957404161194e-01
2.308204610828273329e-01
2.306201393613302730e-01
2.302167110790050431e-01
2.305801856852394138e-01
2.308460527777534965e-01
2.301938180775231213e-01
2.301806208090898531e-01
2.309965577954022353e-01
2.303294590121173213e-01
2.305130313875028425e-01
2.303980779474864571e-01
2.307498135047255650e-01
2.304867661286914560e-01
2.308881516129643874e-01
2.302756385522853888e-01
2.308762684475396121e-01
2.310583934619317437e-01
2.306709963999674096e-01
2.304254999067656684e-01
2.300122136275434548e-01
2.307252426074643537e-01
2.295573138434360838e-01
2.292182231884431765e-01
2.295627645322730614e-01
2.295336810410801842e-01
2.296113134963738422e-01
2.293799082913995091e-01
2.290688437860701476e-01
2.296185958258764037e-01
2.297756121638414861e-01
2.297021545057329195e-01
2.294695628988711322e-01
2.298592825741683776e-01
2.297439970426167488e-01
2.289118381869652830e-01
2.297875901352416372e-01
2.292406654127490118e-01
2.294533171562918861e-01
2.298041490638067785e-01
2.294680021323044772e-01
2.295415438821651888e-01
2.295405170632807690e-01
2.299086718141266361e-01
2.287907060024441386e-01
2.294947076535565067e-01
2.293303659954883666e-01
2.301213343924780053e-01
2.298945689535765724e-01
2.294097720369127624e-01
2.293166007641999626e-01
2.295529933276445056e-01
2.299413876276908963e-01
2.294906953967448815e-01
2.300416531748377680e-01
2.298451692838356930e-01
2.297475299516499592e-01
2.295769678576540240e-01
2.294007788655589575e-01
2.300711474465301221e-01
2.295807283371411045e-01
2.297434019087905843e-01
2.294583151371512864e-01
2.294797140288135640e-01
2.291355315667656101e-01
2.300174013029196163e-01
2.302731480850799539e-01
2.301099444612554334e-01
2.293889023512431513e-01
2.304423669244023420e-01
2.297730743234179807e-01
2.301561693481549709e-01
2.302031817484614107e-01
2.298343098383447691e-01
2.301407174068355321e-01
2.296970781461097344e-01
2.292734856356464512e-01
2.301003690563444282e-01
2.294881082667812600e-01
2.293236366254035041e-01
2.303256850618168872e-01
2.299888133679821034e-01
2.296918527825999590e-01
2.297750501349094532e-01
2.298260639083752055e-01
2.291365769831568699e-01
2.294341661429228074e-01
2.290937375242606822e-01
2.299389106478883782e-01
2.293917894749432085e-01
2.293231653704004558e-01
2.292486635475742829e-01
2.294912706430600469e-01
2.288511949806510959e-01
2.291968620940483259e-01
2.291313179446608228e-01
2.289627241391373469e-01
2.286697208890257904e-01
2.291794284807615878e-01
2.294399382256155917e-01
2.295953126080589879e-01
2.291800328819573462e-01
2.288297626510257254e-01
2.294654423799931120e-01
2.292034064087471734e-01
2.285595527908887703e-01
2.287211241257580963e-01
2.294335588683175664e-01
2.288301301372356877e-01
2.301375806640071353e-01
2.299275553587553367e-01
2.302782717624209385e-01
2.297810044166437582e-01
2.297885446642026486e-01
2.294445329228145813e-01
2.295799127355024893e-01
2.290682568225423654e-01
2.294539029502490612e-01
2.287608985324634803e-01
2.292016714241456310e-01
2.291496679667021086e-01
2.287658183165304782e-01
2.290843348303040206e-01
2.290634114459774440e-01
2.287405648867944508e-01
2.291226061411716641e-01
2.292623677996320497e-01
2.289985535760711566e-01
2.292089152315386069e-01
2.282542686441762503e-01
2.292986257611581979e-01
2.291412245419542637e-01
2.290497387478457603e-01
2.291556809368554826e-01
2.288563462585679886e-01
2.291693880488853141e-01
2.291994204681743752e-01
2.289114731751536458e-01
2.287505705150808533e-01
2.289326912073096909e-01
2.289717985513692600e-01
2.292638377046804787e-01
2.293420629691116652e-01
2.296262714457244503e-01
2.293677603191660030e-01
2.291497810137805846e-01
2.293385258955861761e-01
2.291459404124029375e-01
2.293030610290658355e-01
2.287981289669209217e-01
2.290280794984123902e-01
2.291808032805317807e-01
2.292271488837414328e-01
2.292676900860825540e-01
2.289599747710585609e-01
2.292532805453596778e-01
2.294166940794720722e-01
2.293332122750109947e-01
2.295295980163078453e-01
2.295097164497972575e-01
2.296296080665021777e-01
2.295229097000579255e-01
2.295174142632866454e-01
2.289866115501403288e-01
2.296084968639330037e-01
2.294815378903360126e-01
2.295402558575210805e-01
2.294210111839779243e-01
2.289658977389491534e-01
2.293386758163818706e-01
2.294530905026627154e-01
2.292265987650707604e-01
2.294756962437835002e-01
2.292543287759408466e-01
2.297483248542664946e-01
2.294704055487120364e-01
2.300916664720936977e-01
2.303316218786471692e-01
2.299724101013223831e-01
2.296212795348938074e-01
2.303765836357052343e-01
2.302635168835365231e-01
2.305547911113878246e-01
2.301892280118044420e-01
2.302919022457587395e-01
2.300945415473794331e-01
2.300261080968838689e-01
2.301279544058681681e-01
2.300402328981036026e-01
2.294366709586244668e-01
2.302379706227176415e-01
2.302947132986364609e-01
2.304556903235444598e-01
2.306685483577294582e-01
2.303952527961247165e-01
2.304024852857257111e-01
2.301491081024840679e-01
2.301725035765164740e-01
2.302648433212581003e-01
2.298364221218131276e-01
2.301125958740235511e-01
2.301016026789326208e-01
2.305728449799697988e-01
2.300679153987777725e-01
2.300873063209484537e-01
2.299509986802162065e-01
2.298410089866209094e-01
2.301781762473110726e-01
2.299853193585585098e-01
2.301597585004143409e-01
2.300889813219240132e-01
2.302690592675998571e-01
2.300093310061531171e-01
2.305165920491594467e-01
2.304467406629225612e-01
2.299334687358401408e-01
2.297991517431225983e-01
2.303343899365773162e-01
2.295513415723186845e-01
2.301199787915431949e-01
2.297589060801308591e-01
2.297411988606071487e-01
2.301252804754614079e-01
2.296306588156236672e-01
2.298590269516181672e-01
2.295693603827202445e-01
2.298377723205514422e-01
2.295673693295490481e-01
2.299345048358685528e-01
2.301532380833022084e-01
2.300048223204529951e-01
2.299239849441728489e-01
2.299099084239722146e-01
2.300121125398175703e-01
2.300447257893745434e-01
2.298803094554217330e-01
2.292641467494119512e-01
2.295173139498079551e-01
2.296383175064697912e-01
2.297628401241198770e-01
2.295733938674848484e-01
2.298786738867388546e-01
2.298823084629959268e-01
2.302477488564556030e-01
2.299060413276968196e-01
2.295823162318239019e-01
2.301268655511540528e-01
2.300841545234232066e-01
2.299986396123357424e-01
2.298666933072712470e-01
2.297421135539968462e-01
2.297646260551508279e-01
2.298498921946003637e-01
2.300154794210255149e-01
2.303273576158380576e-01
2.298120918777464550e-01
2.302250506779435213e-01
2.296790752822847614e-01
2.304235866718239989e-01
2.301094619296358001e-01
2.295788956969255779e-01
2.297027343088833273e-01
2.300794694731926882e-01
2.297526447332889632e-01
2.298093230660875896e-01
2.294729120300268155e-01
2.300772859196845432e-01
2.290926899947670070e-01
2.294865959294431490e-01
2.296344454369688981e-01
2.300528348676704748e-01
2.297058157893499264e-01
2.297783512351962432e-01
2.295524476584829832e-01
2.292520218908075114e-01
2.294818897455026263e-01
2.293022500928121599e-01
2.295533427381588332e-01
2.293377765307534344e-01
2.285831723539415994e-01
2.296203361185413239e-01
2.293782310134853120e-01
2.296168405756338626e-01
2.296047366324526495e-01
2.292531102051812708e-01
2.288743203639696522e-01
2.294781251606271832e-01
2.294737334923246108e-01
2.292213225787532171e-01
2.299713239423243627e-01
2.298483649190687095e-01
2.295593210615973212e-01
2.298452256651224990e-01
2.298700763438515926e-01
2.298108013679513728e-01
2.297912412585413344e-01
2.300014455824425097e-01
2.297623697242208163e-01
2.296352626267893215e-01
2.299491980786851908e-01
2.297514988963239857e-01
2.297966897395535280e-01
2.284383243007916953e-01
2.285626778911563073e-01
2.289394745199793968e-01
2.291688997002614137e-01
2.294550060884371356e-01
2.292929973204271554e-01
2.291330740440783997e-01
2.294108829906608138e-01
2.289453909774774032e-01
2.291895931941448361e-01
2.290671257915394277e-01
2.288102176528391540e-01
2.292344234759055854e-01
2.291599920816805025e-01
2.289637020800737444e-01
2.292852572926881161e-01
2.292311222326887388e-01
2.293565784105449090e-01
2.297310895776345507e-01
2.297455431330228670e-01
2.295041759648817625e-01
2.300115809983069304e-01
2.293258236140004458e-01
2.293451022312759935e-01
2.292166953334329182e-01
2.293732933012263830e-01
2.296163858711758043e-01
2.296577835681271607e-01
2.285962635131535969e-01
2.287396145027462135e-01
2.287955023949831135e-01
2.293179001058094357e-01
2.286580253695522646e-01
2.287930896631363564e-01
2.290306291418562901e-01
2.284950781426640098e-01
2.283317870752465117e-01
2.286971454938189485e-01
2.292161947395692789e-01
2.288501218647286672e-01
2.289969933223493792e-01
2.289633993014601743e-01
2.297307537322331450e-01
2.297918136908111697e-01
2.295641543051060440e-01
2.295257679515585181e-01
2.297045946680849604e-01
2.298499598344613259e-01
2.293922422584039611e-01
2.299478603335106397e-01
2.295134650448956704e-01
2.293018813452148974e-01
2.297407318271961207e-01
2.296562138125541885e-01
2.290065403898347562e-01
2.291371307739809571e-01
2.295662645521141243e-01
2.296095477779790117e-01
2.294377186590291773e-01
2.299823453777735116e-01
2.295523898104349647e-01
2.294632227988381012e-01
2.295732445562494450e-01
2.294477359329948063e-01
2.295773610833881928e-01
2.299109012301883970e-01
2.291633998337529177e-01
2.294736211079999588e-01
2.291106029025734570e-01
2.291803163197841664e-01
2.292094249001915829e-01
2.293973701368146323e-01
2.297601733054897288e-01
2.301627007181016316e-01
2.293456488512521374e-01
2.294292769667034826e-01
2.294371480767093685e-01
2.301455348298446779e-01
2.285766642960374573e-01
2.299776459330735157e-01
2.293752422518059164e-01
2.300744592973226754e-01
2.298970600664658470e-01
2.303393999342074616e-01
2.301383855125055944e-01
2.305877045037962592e-01
2.306738217343558828e-01
2.296974154487642361e-01
2.307405855050865817e-01
2.302445313474728583e-01
2.304226788816142457e-01
2.304052350972957408e-01
2.300426809024706531e-01
2.302538621537841557e-01
2.304433866074860615e-01
2.303577547461414798e-01
2.305179667623442064e-01
2.302250703250408037e-01
2.301672486960266995e-01
2.297827320896635439e-01
2.304092760782580629e-01
2.300981600751480227e-01
2.303648104595691082e-01
2.305163176030054772e-01
2.304887395962262053e-01
2.306897562880265429e-01
2.302749112246104124e-01
2.300805529451232234e-01
2.305023073619627272e-01
2.310614209100971816e-01
2.312028931249328345e-01
2.312795813130923972e-01
2.306061612728139698e-01
2.303062684038838515e-01
2.304419587260176649e-01
2.306304998758562652e-01
2.304794175870792106e-01
2.306536228932423438e-01
2.305409237410107337e-01
2.302805927252755680e-01
2.306427259119555040e-01
2.304510947255816733e-01
2.305302285238872428e-01
2.299164361121756595e-01
2.301284814299121018e-01
2.300177013825560890e-01
2.312077304295724611e-01
2.307995544654719844e-01
2.307855456024967833e-01
2.303396601252877540e-01
2.303368176982776017e-01
2.305427764844915628e-01
2.309564967839579375e-01
2.307945259152414386e-01
2.310714848416589029e-01
2.305141459466577281e-01
2.308851913522994848e-01
2.299833574438470418e-01
2.303964786837398582e-01
2.307448836222917021e-01
2.308643827562416873e-01
2.305992704788324688e-01
2.308214867467933695e-01
2.313183083277093322e-01
2.308264356561305353e-01
2.309955395729593186e-01
2.313407804438558091e-01
2.300587344258664402e-01
2.297797146854266559e-01
2.305323973642351698e-01
2.311254593926394818e-01
2.307411640696231114e-01
2.296727364957306672e-01
2.308307714479368999e-01
2.304454280774660968e-01
2.301493021297688624e-01
2.309204455715122006e-01
2.306490188351343340e-01
2.301270240237640041e-01
2.301952628240564458e-01
2.306079494797021179e-01
2.306025856783185668e-01
2.303668077921994239e-01
2.302712271307293945e-01
2.296338766857776159e-01
2.301688930941964140e-01
2.303683081387831733e-01
2.309691478442981449e-01
2.299337193914487154e-01
2.304195734949889551e-01
2.307275741666487967e-01
2.305577513966841630e-01
2.303642623376668530e-01
2.305881992419029081e-01
2.309051864005708665e-01
2.299443507137573228e-01
2.303040906458230785e-01
2.301868298476997532e-01
2.305398472439975088e-01
2.305237598457630932e-01
2.300928391975440579e-01
2.307425710597959256e-01
2.304706406523207851e-01
2.298313470043669704e-01
2.305552609224696126e-01
2.302438409178939049e-01
2.306560430037599141e-01
2.304209808123317271e-01
2.302786550591051640e-01
2.300487935250223603e-01
2.307642190301318341e-01
2.310537115472963698e-01
2.307412599868555458e-01
2.307921396601375075e-01
2.303422695860513625e-01
2.299313354789685460e-01
2.314031562593298064e-01
2.312587877199097919e-01
2.312104584550047914e-01
2.308954477926167537e-01
2.311004072768840234e-01
2.310332896002444680e-01
2.312522010847106180e-01
2.310345873258237981e-01
2.312161252769410758e-01
2.314023423788297285e-01
2.310737715381925017e-01
2.314698012470392530e-01
2.313815262448147003e-01
2.313738979188498524e-01
2.334768659908698363e-01
2.335172528253004476e-01
2.329589782877207194e-01
2.328403484725117822e-01
2.333478254503757177e-01
2.328948874981726924e-01
2.329620660952571309e-01
2.329765837253011118e-01
2.321894414153704844e-01
2.330669041831501531e-01
2.327894923084192769e-01
2.327886745706574667e-01
2.326081572704284950e-01
2.326230400351549377e-01
2.324396792041629189e-01
2.330520605422063685e-01
2.324760258794170420e-01
2.325144853069325557e-01
2.326053489845133770e-01
2.325383028629772753e-01
2.326198126026345625e-01
2.334711200202750636e-01
2.321861947886516286e-01
2.314110958866695267e-01
2.327895350281738718e-01
2.329410295484589388e-01
2.321069322364701926e-01
2.323231836582577148e-01
2.312956868375615482e-01
2.316936298743067502e-01
2.314113799400517868e-01
2.323391951053269677e-01
2.322518324115938615e-01
2.323998090655521043e-01
2.324075669133690569e-01
2.323610376866788452e-01
2.323901474235800235e-01
2.326765571503322527e-01
2.324726456897462934e-01
2.321706467715082822e-01
2.324932080084104458e-01
2.324103901684796969e-01
2.322171635597828354e-01
2.322312353739441615e-01
2.323259572988994048e-01
2.324077370525066133e-01
2.317671256564508842e-01
2.317785795189445941e-01
2.319168345787400165e-01
2.323525719425212077e-01
2.312422198842427334e-01
2.312281825993568463e-01
2.310516396141331641e-01
2.313666486941164391e-01
2.315422244314479516e-01
2.320444021030886872e-01
2.318767597819409998e-01
2.313009921611142439e-01
2.313514229209671924e-01
2.313064976249958049e-01
2.316532734783263159e-01
2.312388321189189910e-01
2.313768216275262357e-01
2.314310480177504403e-01
2.316728966195163719e-01
2.315703147424884034e-01
2.314366883677623776e-01
2.311892769598672681e-01
2.312086364762854229e-01
2.314699703954472831e-01
2.317428472885839918e-01
2.316768084899503699e-01
2.317428996142598119e-01
2.318365689698039522e-01
2.315032244509482307e-01
2.315797151806608112e-01
2.313418698742376600e-01
2.315175292143375474e-01
2.316901480673300984e-01
2.315522551138650964e-01
2.312506003398673571e-01
2.314649980474164648e-01
2.311959600010057847e-01
2.314634503435639978e-01
2.311753039950534827e-01
2.314519023787989793e-01
2.316593509786515903e-01
2.315532872414468868e-01
2.315146141509198952e-01
2.317341954348432209e-01
2.316069031029554803e-01
2.313354511908858879e-01
2.312489608507436456e-01
2.316505704494611906e-01
2.318485574155256801e-01
2.318111777600466994e-01
2.314836628013420550e-01
2.316147287987596060e-01
2.321299247056905768e-01
2.314196505478656185e-01
2.311244073433168233e-01
2.316513960667514471e-01
2.321612354512702925e-01
2.314135837467238832e-01
2.313559697007466220e-01
2.312983468380649943e-01
2.318537244126466501e-01
2.318448075956925647e-01
2.314170221767618552e-01
2.312109154384409948e-01
2.314693452476499491e-01
2.312040068444504437e-01
2.314997279464384994e-01
2.312258557905756129e-01
2.310941120550393801e-01
2.312115672613733186e-01
2.314216275334505524e-01
2.316281309822246781e-01
2.315012722683716107e-01
2.314515916687794883e-01
2.314768544075656853e-01
2.313748253044042580e-01
2.315220176899260573e-01
2.318840561306442782e-01
2.313080282099542473e-01
2.314347903539943352e-01
2.310230795787779901e-01
2.314014301758543224e-01
2.317857998756874260e-01
2.314878407047162856e-01
2.316270061428087890e-01
2.316109842282662867e-01
2.318515313185640081e-01
2.310493722474012690e-01
2.316875376553726440e-01
2.315843964671036870e-01
2.317881189998357572e-01
2.309608840294816445e-01
2.312323386047209495e-01
2.314696799782866576e-01
2.313940709908132998e-01
2.312267098273212973e-01
2.317291778713971018e-01
2.314807145745741424e-01
2.312243611853280478e-01
2.316363390218356688e-01
2.313120385552954739e-01
2.317656311958287696e-01
2.312055099287820825e-01
2.312176212356389926e-01
2.311524088962138568e-01
2.312680581289746351e-01
2.316778583206089981e-01
2.316932953994888522e-01
2.315023039387313630e-01
2.314360983493520540e-01
2.314685207837536007e-01
2.315973563710992944e-01
2.314822217697422857e-01
2.314477642488833586e-01
2.320346455345285996e-01
2.321114438678938408e-01
2.321007317601309627e-01
2.317349982611550951e-01
2.320713839664036993e-01
2.315067650805106847e-01
2.317989755382001138e-01
2.318027161149650295e-01
2.314110702502804040e-01
2.316184861105480830e-01
2.321571319633109753e-01
2.314205198598624225e-01
2.316249509802793538e-01
2.312081905369450519e-01
2.312669961856842205e-01
2.315382482683829568e-01
2.318979023732994360e-01
2.311532337562607620e-01
2.317106884551944357e-01
2.315714655629385055e-01
2.313162646329958161e-01
2.314269656116997032e-01
2.311789919576611729e-01
2.312528575784927598e-01
2.316178374847543686e-01
2.317254142534337646e-01
2.314020426473118730e-01
2.315172252194512836e-01
2.310257708577676539e-01
2.315322746939207366e-01
2.309750362921073608e-01
2.317032548680969528e-01
2.312199572302018891e-01
2.310824671219880722e-01
2.308869227644731736e-01
2.311546856611348122e-01
2.314042084598859905e-01
2.313705670665774650e-01
2.310872546346732781e-01
2.314870504362806225e-01
2.310022851519945852e-01
2.310817375811599350e-01
2.316931765073156901e-01
2.314779111195140182e-01
2.312087700034289317e-01
2.309668114332020517e-01
2.308715143776138845e-01
2.308505677746410800e-01
2.307125914638054887e-01
2.309096317875639903e-01
2.304012436960723997e-01
2.307861311324388431e-01
2.312697814889286274e-01
2.311863927964112053e-01
2.310154657985604709e-01
2.311201525999227735e-01
2.308015636496272560e-01
2.305494238476773206e-01
2.309196379649366138e-01
2.306581108917015732e-01
2.307115611698899171e-01
2.313674784326219258e-01
2.310096155000917750e-01
2.310363200000579154e-01
2.311075349905025444e-01
2.312641278161020886e-01
2.311038863276601851e-01
2.314178879515310927e-01
2.308861220971449857e-01
2.314592107142366129e-01
2.305417382575265517e-01
2.306405676722422249e-01
2.311311728869235582e-01
2.297545809737320810e-01
2.312481806064475565e-01
2.320997720096047434e-01
2.319244198575168003e-01
2.309399533490742451e-01
2.320204466619237016e-01
2.320328803578537158e-01
2.320821714492052878e-01
2.315017435162150805e-01
2.314838184966364065e-01
2.316366845563735677e-01
2.320228599154851856e-01
2.317160383774066468e-01
2.322406704903560992e-01
2.316165707106384586e-01
2.311397495321000917e-01
2.309305280614107336e-01
2.309384477270539637e-01
2.311070478438950471e-01
2.312875218538278932e-01
2.309552702488477938e-01
2.312438634290506223e-01
2.312349642644942194e-01
2.306094414288697159e-01
2.308125082668613659e-01
2.313342926914071507e-01
2.306774312940711724e-01
2.309486787016765130e-01
2.308338286321526822e-01
2.311308106107544946e-01
2.305429969509973920e-01
2.308595894084753131e-01
2.308829648287149539e-01
2.310001959939455007e-01
2.308341171222265398e-01
2.314809185602054731e-01
2.304948474224127741e-01
2.308371762019633400e-01
2.309375172683424127e-01
2.309116439631066220e-01
2.307409490160808319e-01
2.310971343058936811e-01
2.308373138946779868e-01
2.313704244345886341e-01
2.306976494981151371e-01
2.316578544376892146e-01
2.318765777855038290e-01
2.314088453366575371e-01
2.313265182806605591e-01
2.315574080909001409e-01
2.309430779899930286e-01
2.313075250560368279e-01
2.314431925177110605e-01
2.315497039961077475e-01
2.315864598880613690e-01
2.315246554161331793e-01
2.315891551020369254e-01
2.311267334811785423e-01
2.312827965497323002e-01
2.314476569220361990e-01
2.314202881563055536e-01
2.307548951422062899e-01
2.305591144169097384e-01
2.307030795579660398e-01
2.311214344194376935e-01
2.297610625655726602e-01
2.306802977703177326e-01
2.308497347052847759e-01
2.310304341777208448e-01
2.306231731923818196e-01
2.305997671353701428e-01
2.311380587159278244e-01
2.303942374639622592e-01
2.306192739821320004e-01
2.308313648203537682e-01
2.308557387725803656e-01
2.308225866464632681e-01
2.308696606545874164e-01
2.310516795603328177e-01
2.304541699462235305e-01
2.308837641529763451e-01
2.307324324423784268e-01
2.308485773885263770e-01
2.307315974987884655e-01
2.306678761600184369e-01
2.303399097364237647e-01
2.309091003288196164e-01
2.309077209245697648e-01
2.303803811417649283e-01
2.306932209343552365e-01
2.302965112977386486e-01
2.307608664929071407e-01
2.307567856909683579e-01
2.307478006675029170e-01
2.306029862741960645e-01
2.309912843443912567e-01
2.306338855187171355e-01
2.307564982018223132e-01
2.308747760519563041e-01
2.310116042886842802e-01
2.310138221505191880e-01
2.308289325400178227e-01
2.312350082260463124e-01
2.310648325021815164e-01
2.305459007716994246e-01
2.311695136339144141e-01
2.303556552797829671e-01
2.307582321761753319e-01
2.303536436642659446e-01
2.306326580986246266e-01
2.304976241389964653e-01
2.304178867915839812e-01
2.303219707086044676e-01
2.302133734724545466e-01
2.299190446858151438e-01
2.299066423664728742e-01
2.306191473640469836e-01
2.300285088147393797e-01
2.307573667271287654e-01
2.302540366833297492e-01
2.303151213822597354e-01
2.306151323248314955e-01
2.301192157581528064e-01
2.304353786177963659e-01
2.295546089295079639e-01
2.296278833697621979e-01
2.305666305881392264e-01
2.302971025546136918e-01
2.301973419680985733e-01
2.304036803479861395e-01
2.300209385606300505e-01
2.301584219570468881e-01
2.304436739744406548e-01
2.303288072993958102e-01
2.298130120613957050e-01
2.297461344872530620e-01
2.302570929443467085e-01
2.297380980983558807e-01
2.295840126465937547e-01
2.299917120208180288e-01
2.308693713072677012e-01
2.306912390085223974e-01
2.301329475255898260e-01
2.307904257078420562e-01
2.299194741730362090e-01
2.307744061357611953e-01
2.302309477666452942e-01
2.300992387713990672e-01
2.298645987390969814e-01
2.301329356660074543e-01
2.302031207040613481e-01
2.297759469617201289e-01
2.300796480381969156e-01
2.302992456407360888e-01
2.298065838778600156e-01
2.297208833209765100e-01
2.301198714789225164e-01
2.293826701911473032e-01
2.296369165905917942e-01
2.297466755494783908e-01
2.298504922711832876e-01
2.296634320081425429e-01
2.299638844773300161e-01
2.296815920989166426e-01
2.301277923796100355e-01
2.294275677894764276e-01
2.298724801383678629e-01
2.296212216235164472e-01
2.301121554471443065e-01
2.297031991925925498e-01
2.306583542355891969e-01
2.297604507703180643e-01
2.300177188981565313e-01
2.299067256177275698e-01
2.300599063595052951e-01
2.297139587194509946e-01
2.293856134094965915e-01
2.297303674594194101e-01
2.301896599000472499e-01
2.295148145236730053e-01
2.299062046487247157e-01
2.302547653684901274e-01
2.297740128836865681e-01
2.302128394873147743e-01
2.295537142925967444e-01
2.302553599568750442e-01
2.300308635746876329e-01
2.298805202494292044e-01
2.297902917427055713e-01
2.300388646221563915e-01
2.297268703510242094e-01
2.302370105614311713e-01
2.299023784901345069e-01
2.296746854914726854e-01
2.295103257934137109e-01
2.297558555675416336e-01
2.298407503441095567e-01
2.300457908543417640e-01
2.296978214024247567e-01
2.301303833908427687e-01
2.299842110154000918e-01
2.294633242517512828e-01
2.290484352544771562e-01
2.294857108299700188e-01
2.298044459898272718e-01
2.284737227915720759e-01
2.293906765348874277e-01
2.302495411311864248e-01
2.296868254032660428e-01
2.294829442646295903e-01
2.300777894653766864e-01
2.302701092939974936e-01
2.293669177702203632e-01
2.295959967258110745e-01
2.294882348331911126e-01
2.297200514805998739e-01
2.294800856060638661e-01
2.295997271359803138e-01
2.298719011498798204e-01
2.296801530937387370e-01
2.290548349734137235e-01
2.293079815443766767e-01
2.296241616911415817e-01
2.294576054530838849e-01
2.293642555448526243e-01
2.294980624903687760e-01
2.294521301592820084e-01
2.292687931171904225e-01
2.291658627247637747e-01
2.285650345971912689e-01
2.289812595364689174e-01
2.290992649441808415e-01
2.296189406369504304e-01
2.297166031202155234e-01
2.298792855407935931e-01
2.295688965490340072e-01
2.294683443211190665e-01
2.298512397956508357e-01
2.293141323154361533e-01
2.297631692461130637e-01
2.297935342570603667e-01
2.297332098173243964e-01
2.295529634251873285e-01
2.297960371004122149e-01
2.295584740863130524e-01
2.292782015549930386e-01
2.297054207927918534e-01
2.302804493375875949e-01
2.295971577680668563e-01
2.297671001185344064e-01
2.292400746781895482e-01
2.299010122598501016e-01
2.299440952352986289e-01
2.293844248194099045e-01
2.300231313797726496e-01
2.293351800480536717e-01
2.292912429151580112e-01
2.292083456432728317e-01
2.291163044262499171e-01
2.294283548012091278e-01
2.296893542390156806e-01
2.295243818110949130e-01
2.303451310731526314e-01
2.300914130018203718e-01
2.291891446498004747e-01
2.296798907438959148e-01
2.295629232210579518e-01
2.295440631284619559e-01
2.290261048361670049e-01
2.298197138916054649e-01
2.305149428022305602e-01
2.298983574386016804e-01
2.299190612115055987e-01
2.297417999972982405e-01
2.300705278708544688e-01
2.299899496576896518e-01
2.302334615620423575e-01
2.299387732241516824e-01
2.298950499912486289e-01
2.298699798581495812e-01
2.298670225756142271e-01
2.297251148406458110e-01
2.299834990370552557e-01
2.299962011434193709e-01
2.294919904948121425e-01
2.303068417723183603e-01
2.295630333328396167e-01
2.292830126750387276e-01
2.297117857871679991e-01
2.291993617566641106e-01
2.297935555007266650e-01
2.299813495444078815e-01
2.287635924466918935e-01
2.295915452609540719e-01
2.284808408449492678e-01
2.293049223072911591e-01
2.293080123941718118e-01
2.295713539360033084e-01
2.293268570226477121e-01
2.290266393092019737e-01
2.291073555603700962e-01
2.289814938507394593e-01
2.290252403549952742e-01
2.290592681832717969e-01
2.285916039163684021e-01
2.289248877326097165e-01
2.288126783909744111e-01
2.287983812799553041e-01
2.296604460018369653e-01
2.292036641219079851e-01
2.296364021832719704e-01
2.291973774158342636e-01
2.297932382818400898e-01
2.295755308903148773e-01
2.290630016161246674e-01
2.291946920461079840e-01
2.296573513759632701e-01
2.284582596361977302e-01
2.288825030198552157e-01
2.292123368928090932e-01
2.291415030146300713e-01
2.291988673917884634e-01
2.291601621002706535e-01
2.295476008346847840e-01
2.289408231985418374e-01
2.287128424510586899e-01
2.289337832144389406e-01
2.292956375282697301e-01
2.287846166197738951e-01
2.294542376627268787e-01
2.290656834167318634e-01
2.292249852561633328e-01
2.294115721827769960e-01
2.290660548432087995e-01
2.288056318713960757e-01
2.296052720319909923e-01
2.298759769729517566e-01
2.302225139285704880e-01
2.298720353541524875e-01
2.302745907436551942e-01
2.300102692777326874e-01
2.302164478518793078e-01
2.301887098223091843e-01
2.302211409431184630e-01
2.308269189243144781e-01
2.301138228738598412e-01
2.295679600713160795e-01
2.299992274657966795e-01
2.297823718999741360e-01
2.295226165015592790e-01
2.295721920835653296e-01
2.299629701982646712e-01
2.293747285303357752e-01
2.299186850857142528e-01
2.300910374649841050e-01
2.300017518138656458e-01
2.302624045802783570e-01
2.293773266020615320e-01
2.301639550867878026e-01
2.298265072897052730e-01
2.296845594404817170e-01
2.299869058552393708e-01
2.295235892316770943e-01
2.295717996584212828e-01
2.292757568076969343e-01
2.301233246044414038e-01
2.297292397927593877e-01
2.300563258047722548e-01
2.299815580708868545e-01
2.299950726309271387e-01
2.297335328562043755e-01
2.299111901700240934e-01
2.300727594393510156e-01
2.292294417093761194e-01
2.293666544952796260e-01
2.296231648766444422e-01
2.300087542400496288e-01
2.295506690296885699e-01
2.297974373158430395e-01
2.294699898352095258e-01
2.299756839033071931e-01
2.301405950998794137e-01
2.304093698792399891e-01
2.294820597658051298e-01
2.293155595198989594e-01
2.292633036767729726e-01
2.298943938163945933e-01
2.292551119810803950e-01
2.288600809907110067e-01
2.286786929293861126e-01
2.295842959909021874e-01
2.296419621077674389e-01
2.297391164034505995e-01
2.302583881521967357e-01
2.296848795762220785e-01
2.293870747050457959e-01
2.298616219953957818e-01
2.301223556842353912e-01
2.303937429464172071e-01
2.308054717986715854e-01
2.301351194535667111e-01
2.306266090469009655e-01
2.291223713113385019e-01
2.298502401531697936e-01
2.290280109386496343e-01
2.292131254241157323e-01
2.288571909097145141e-01
2.288840125929599845e-01
2.288179236911226377e-01
2.291630323790732060e-01
2.288706459190555931e-01
2.289878512407715061e-01
2.294221937429649083e-01
2.287934080118735891e-01
2.290034697485547888e-01
2.290643381445707782e-01
2.289399524256673368e-01
2.288843771924384540e-01
2.288556370557968123e-01
2.288451046956840595e-01
2.294575838981527671e-01
2.287310616213033276e-01
2.289233041301553528e-01
2.288379439242306246e-01
2.291102892016712300e-01
2.291241368532556943e-01
2.287903051187087644e-01
2.287538361745066473e-01
2.290635899247576712e-01
2.292132633870189173e-01
2.287776294080531847e-01
2.290206178415302996e-01
2.283793260784416634e-01
2.290908737388888117e-01
2.285120659103028473e-01
2.290930241415976565e-01
2.287307728219085956e-01
2.290649625577075854e-01
2.288432114061100253e-01
2.289359122629573418e-01
2.289189899326801447e-01
2.288992965384127887e-01
2.285738502111675507e-01
2.287872083712038096e-01
2.284400366179411834e-01
2.285979727841927767e-01
2.291090371682866222e-01
2.282897554389124728e-01
2.288239108079072881e-01
2.284855479700682590e-01
2.294025727497218392e-01
2.288996994359956960e-01
2.287517302884306825e-01
2.292957176714545964e-01
2.287842725995390680e-01
2.288728256114276605e-01
2.282498459027651194e-01
2.289223859845333220e-01
2.283994764611154971e-01
2.287172198393988831e-01
2.289356942262910921e-01
2.286689621774646297e-01
2.288650122082148686e-01
2.289818165143575612e-01
2.283165475938720157e-01
2.280868130636000968e-01
2.283086592224598255e-01
2.283684942486058911e-01
2.289842726581736987e-01
2.284111114481597871e-01
2.287890870285665401e-01
2.287531283284834072e-01
2.283013560296455469e-01
2.287678614537391741e-01
2.287489810926332801e-01
2.292668485375244924e-01
2.288532890849635237e-01
2.286914753916213516e-01
2.288354567522792593e-01
2.293886251197342907e-01
2.289309934427483373e-01
2.289484565021488172e-01
2.289876127205172640e-01
2.289546396438318643e-01
2.287984104699918586e-01
2.290145704250310943e-01
2.288826027058499524e-01
2.291019373026862982e-01
2.288967374618666173e-01
2.293693771662287384e-01
2.292201161794211184e-01
2.293139317273068800e-01
2.291802973936060417e-01
2.289755930347482094e-01
2.292461255966882216e-01
2.293287307908671857e-01
2.286723121673411574e-01
2.288446018197041743e-01
2.296219958029374619e-01
2.290999225760168845e-01
2.290505193587774324e-01
2.283562342541449186e-01
2.289661520274317297e-01
2.297123447188466339e-01
2.283261590749532111e-01
2.287115542665700274e-01
2.295503744971687798e-01
2.290630365682195246e-01
2.290305621508162692e-01
2.282618851219858913e-01
2.287987329876373932e-01
2.285876846030756582e-01
2.284982140789931504e-01
2.292359518710684885e-01
2.286254191758824994e-01
2.287518553792282083e-01
2.286947476696251924e-01
2.296205767167024125e-01
2.289004775963305593e-01
2.291727681689841034e-01
2.297023166867004917e-01
2.293218443721892486e-01
2.293886843701520295e-01
2.301772675012678793e-01
2.293822028352827114e-01
2.296712684122753922e-01
2.292744863788142295e-01
2.293679960084034908e-01
2.295974234193499386e-01
2.301442136361979973e-01
2.295495229433640316e-01
2.297321698091654429e-01
2.296113745538372886e-01
2.292766210443772656e-01
2.294113578173726797e-01
2.294199826767961414e-01
2.304545285003103960e-01
2.294885985331660549e-01
2.287949185121809781e-01
2.294120391897672140e-01
2.296351764778431781e-01
2.300781471246376442e-01
2.292529768496425202e-01
2.290443384279154948e-01
2.291538330040281402e-01
2.294570980886851130e-01
2.287407656092988462e-01
2.288338372917859131e-01
2.289084962716049498e-01
2.290607713874760754e-01
2.284890626069388253e-01
2.289279659243907972e-01
2.289762503180403641e-01
2.288426420868832911e-01
2.280578107195084248e-01
2.282891050899392704e-01
2.286622155865679629e-01
2.283323888163543425e-01
2.284602174976907707e-01
2.288382595744767045e-01
2.285378235739159436e-01
2.281847580644632834e-01
2.287363570698537907e-01
2.284085996058695667e-01
2.284240158477933713e-01
2.288523626137513867e-01
2.286016141452727468e-01
2.291160366085455147e-01
2.289164075037059265e-01
2.289509206579224410e-01
2.288885255718735579e-01
2.288945894107554946e-01
2.283063966419481838e-01
2.282837228685500874e-01
2.287951763727158749e-01
2.285714712289209638e-01
2.285663263282491087e-01
2.287475325601571186e-01
2.285468705620797292e-01
2.287360331345318076e-01
2.282987713986611156e-01
2.288030205783437854e-01
2.289678511489740831e-01
2.286330814709965076e-01
2.283191780665190240e-01
2.288136743853388388e-01
2.290063292743119983e-01
2.288079879003435402e-01
2.297490885672633376e-01
2.296506765903966463e-01
2.288619315565831314e-01
2.299628900056628900e-01
2.294174262471791736e-01
2.298348815672658085e-01
2.288903960649784630e-01
2.296011554874956839e-01
2.301441255598391800e-01
2.292086507753507418e-01
2.295365121737107106e-01
2.293788841355126340e-01
2.296291605282369253e-01
2.295880181535719378e-01
2.292027439328788441e-01
2.295919382881756732e-01
2.301013039166839302e-01
2.295494137476428442e-01
2.293100500725078483e-01
2.296026674379052501e-01
2.295523982267121677e-01
2.290941502433787580e-01
2.295768857429605347e-01
2.299651496059486044e-01
2.300388324995774059e-01
2.302044921819725032e-01
2.292906181583906355e-01
2.291391092177136324e-01
2.298394935014427543e-01
2.296675447257444658e-01
2.301636373351592935e-01
2.298193741561562475e-01
2.294228000982115878e-01
2.294610586676375241e-01
2.299715024862127311e-01
2.296002145028170627e-01
2.298806487223994666e-01
2.291524771783015335e-01
2.290437691363527151e-01
2.289300600894655646e-01
2.294872039617041337e-01
2.298835222567358061e-01
2.294333793664017351e-01
2.299534368857627797e-01
2.289599052177647420e-01
2.295780806475923308e-01
2.286884758329883471e-01
2.302674226915505939e-01
2.292243011836602173e-01
2.298035101450095208e-01
2.304494313967078156e-01
2.297862927531300059e-01
2.300880713682018630e-01
2.294018988828064876e-01
2.293883539595217569e-01
2.296534377276381322e-01
2.303323259876487172e-01
2.302620896999322264e-01
2.300785443576109368e-01
2.297223313787349619e-01
2.291350937350191130e-01
2.302615017467535552e-01
2.294975833731503767e-01
2.294686201057348496e-01
2.299014792080844583e-01
2.316935776441244044e-01
2.309468496309441676e-01
2.309603975245636265e-01
2.304962205950073784e-01
2.312953667037118133e-01
2.314107022126020985e-01
2.308417660656217063e-01
2.307532526624765379e-01
2.311134846983939339e-01
2.314930833729493265e-01
2.310814682585351498e-01
2.307857437117023236e-01
2.310094180133830666e-01
2.308920836925947018e-01
2.307135615014243024e-01
2.311785305698134396e-01
2.307326714811585577e-01
2.308459504641881543e-01
2.310471528899727955e-01
2.313513983413296726e-01
2.312628181865163390e-01
2.313950607401782378e-01
2.312818268791892728e-01
2.317317645884262589e-01
2.311756553817382320e-01
2.313693272109590415e-01
2.317925148113630651e-01
2.312844411467792904e-01
2.308745073454598340e-01
2.312612338776550702e-01
2.311732391909337991e-01
2.307967507857619782e-01
2.309390518182077301e-01
2.309405769388857277e-01
2.309899339507761884e-01
2.312303691073504253e-01
2.308851753522210837e-01
2.309033929814925112e-01
2.309611746169841773e-01
2.303737094618269754e-01
2.315643167765541466e-01
2.308312298323142719e-01
2.311673862268740776e-01
2.318914290809585554e-01
2.311551947471243151e-01
2.310112363781892386e-01
2.309979528113273728e-01
2.315823791696275391e-01
2.316083631946030674e-01
2.312784435449151965e-01
2.316941063184884408e-01
2.311791888899303871e-01
2.319276098457029311e-01
2.317881583038483573e-01
2.312133109028249589e-01
2.313707403087243986e-01
2.315386920361332812e-01
2.312059276128298480e-01
2.318046250199824743e-01
2.321050783559929220e-01
2.321560368292146515e-01
2.317767486316609782e-01
2.315601568170229108e-01
2.314502127083709337e-01
2.316630719673003491e-01
2.321446896244880043e-01
2.315346791035553242e-01
2.316512639421659248e-01
2.313650437798572823e-01
2.316446017937062174e-01
2.316124393327163022e-01
2.308594806389257792e-01
2.313613950907822125e-01
2.320102566619320628e-01
2.318054443514857565e-01
2.321561839942141714e-01
2.314003580902356250e-01
2.316991671779735917e-01
2.316236154461776831e-01
2.314195086039830263e-01
2.317069650205353382e-01
2.314620774286606786e-01
2.322607237398400803e-01
2.317047942283580464e-01
2.312836150243372246e-01
2.315824557131251071e-01
2.311157980485983310e-01
2.315605750524042661e-01
2.314744376791596780e-01
2.319773672147306676e-01
2.313798035510905848e-01
2.315648394170803925e-01
2.319857155741886501e-01
2.316198571011700846e-01
2.319133162063718445e-01
2.310027623143902087e-01
2.319674875313924856e-01
2.313061748998589962e-01
2.316431052289189274e-01
2.313781645385370456e-01
2.313226738017620521e-01
2.315915347717351913e-01
2.319467817236167961e-01
2.319896812726632562e-01
2.318213849801695203e-01
2.316567398486880924e-01
2.319392498073317710e-01
2.315967215239821408e-01
2.318482722243511984e-01
2.321738645652154098e-01
2.319532845694181611e-01
2.323332202889334952e-01
2.321315261307990152e-01
2.317492566516544394e-01
2.321022686591660555e-01
2.315563796671182839e-01
2.318108194162184221e-01
2.318989354333360342e-01
2.316623064820296229e-01
2.316729285025919127e-01
2.315049855297359183e-01
2.315872206147414625e-01
2.320355086641610887e-01
2.315784396197227701e-01
2.316997418585227397e-01
2.318222766623127817e-01
2.319227382103913604e-01
2.315713684793498650e-01
2.316029424920191260e-01
2.322008975721877866e-01
2.321424908194043291e-01
2.321787011291900904e-01
2.316500821299313229e-01
2.322978672628616681e-01
2.317523706668003780e-01
2.320971677231672137e-01
2.320635035265924129e-01
2.317388917103838930e-01
2.325695529265818517e-01
2.460704867701054011e-01
2.349322987058887202e-01
2.345790681387391330e-01
2.327063969372971663e-01
2.327817738026176919e-01
2.352932004214247641e-01
2.350006311882970322e-01
2.339940364695194397e-01
2.325643896139880373e-01
2.351526330526197972e-01
2.341256392844415779e-01
2.349055175868549894e-01
2.353195665536617076e-01
2.346082893617459919e-01
2.324232865275600024e-01
2.331629910957999097e-01
2.325694070717968243e-01
2.328366253699526434e-01
2.325155367066109868e-01
2.325897866455109986e-01
2.325245364520960589e-01
2.325345051056375845e-01
2.324795701317138585e-01
2.324127045335814823e-01
2.329351731263086256e-01
2.326935530259811591e-01
2.326919440596269539e-01
2.328100191824783449e-01
2.326683806813349686e-01
2.326615832254951277e-01
2.332114576071202816e-01
2.325115672293097957e-01
2.327455553019338874e-01
2.329502867285517254e-01
2.327487569701408576e-01
2.330536540896028519e-01
2.328608481773136174e-01
2.328707715786454413e-01
2.329084281955235980e-01
2.330856059742778541e-01
2.329382584558653269e-01
2.332549064096219871e-01
2.328272127961899529e-01
2.324405677037068019e-01
2.326461108879496475e-01
2.326842464936385024e-01
2.326069100145564117e-01
2.325894161578768715e-01
2.325915145517827021e-01
2.326259427448152117e-01
2.329877106736325809e-01
2.333951411266386722e-01
2.324722746020639330e-01
2.325688448308329825e-01
2.330789711567117228e-01
2.326562095169065758e-01
2.324764007905669727e-01
2.328086295950305418e-01
2.325678232260051381e-01
2.327090847955098907e-01
2.328732828206023509e-01
2.353075186696362564e-01
2.343078122277943709e-01
2.332495801334752428e-01
2.341447879271086607e-01
2.347403364801300130e-01
2.344988920792273057e-01
2.353734348792888287e-01
2.338365730679592414e-01
2.345271262778280685e-01
2.344247446970646187e-01
2.342163228021592603e-01
2.345128073768723287e-01
2.346586850748022535e-01
2.349975281609592570e-01
2.340228163043505671e-01
2.339791455813705900e-01
2.341792837529948212e-01
2.343226935945323941e-01
2.343246920159079150e-01
2.346731350941761718e-01
2.347701955642753080e-01
2.338581169465810405e-01
2.345848117640553510e-01
2.348556482838189408e-01
2.346877332977057307e-01
2.346175676103481045e-01
2.343582990122533016e-01
2.347861249113619986e-01
2.346396956921655008e-01
2.347111139033144223e-01
2.347029755455629085e-01
2.350364158482123600e-01
2.346875253327009303e-01
2.344230859568233460e-01
2.347420696024186126e-01
2.342837955387598037e-01
2.347737026830017948e-01
2.343065267338157454e-01
2.341665953468462513e-01
2.348651357987483479e-01
2.345668412800614999e-01
2.345780307435642309e-01
2.344963402485793214e-01
2.344226837226195126e-01
2.355739703805485308e-01
2.347377104456226660e-01
2.350317414395245996e-01
2.351448514117608080e-01
2.346678329324662637e-01
2.350250400810048601e-01
2.322130559323638821e-01
2.325212945064735193e-01
2.317842114463742609e-01
2.328468919103304502e-01
2.323301087616301275e-01
2.336438723988222277e-01
2.336984243994695565e-01
2.342906139906100194e-01
2.336843394959184361e-01
2.344080005654442245e-01
2.342979539488176388e-01
2.340002268926521523e-01
2.341718821660714323e-01
2.347287510503404395e-01
2.347825177470096447e-01
2.328962948080625928e-01
2.346261717016145110e-01
2.343418312964956063e-01
2.346413022665586878e-01
2.339254823769657821e-01
2.345339681538004262e-01
2.341060566661114228e-01
2.347426091810697890e-01
2.347184421694837042e-01
2.340462671723803068e-01
2.338997577005920148e-01
2.338658934387535249e-01
2.336707406618042104e-01
2.341537293053417013e-01
2.339890124269955185e-01
2.340400096063374735e-01
2.343777036055495200e-01
2.338122333799153851e-01
2.339250589120191182e-01
2.342073131451425372e-01
2.342332089347667345e-01
2.334647252020841113e-01
2.340533290125813293e-01
2.338746606311227494e-01
2.339252359042180152e-01
2.338687335637885667e-01
2.339106982650935584e-01
2.336940258569571716e-01
2.341920853661375590e-01
2.340487329199252564e-01
2.339915267239214280e-01
2.337653412934938557e-01
2.343434547490942099e-01
2.336194607509657351e-01
2.337485550621363206e-01
2.340315594648404440e-01
2.337413824386188610e-01
2.342984571789037407e-01
2.336898930535188657e-01
2.332218834221144732e-01
2.337661133367851252e-01
2.337390334362320077e-01
2.339210432438245946e-01
2.335611776675704243e-01
2.332457773202252505e-01
2.340435004673697139e-01
2.333949803872010231e-01
2.336288033936969322e-01
2.338453199762099144e-01
2.339295057099653186e-01
2.338445624868921158e-01
2.333872097374553034e-01
2.339678308406627494e-01
2.342371612262965364e-01
2.338942743698669002e-01
2.349123167650713495e-01
2.334903267844007646e-01
2.338364943779366323e-01
2.341593203381407140e-01
2.337346173230140656e-01
2.345200152343029365e-01
2.341468628365056259e-01
2.343024453485020031e-01
2.339878593808300822e-01
2.345779828412224710e-01
2.341948973651818422e-01
2.340210414590764842e-01
2.334100232279265053e-01
2.339482236082804922e-01
2.340706102765078567e-01
2.344956603356628810e-01
2.342154280261481147e-01
2.342580989032732874e-01
2.340305787288082806e-01
2.336807479562851286e-01
2.344709572531445685e-01
2.341884797301034826e-01
2.343751226268275534e-01
2.340935076272387394e-01
2.344425843603563930e-01
2.341397963252032921e-01
2.341324950419552409e-01
2.339471871791752866e-01
2.343126498126743007e-01
2.341043150363225078e-01
2.343780870388352255e-01
2.346655607793722842e-01
2.342406640098162185e-01
2.344855397014963261e-01
2.352074213624958388e-01
2.349025198872365383e-01
2.352506577352799777e-01
2.350437110549722097e-01
2.353484379039160468e-01
2.355009113911328278e-01
2.350923170034842635e-01
2.350832719787945002e-01
2.354906760398631782e-01
2.356416395236915207e-01
2.356770168488207251e-01
2.352339496007714859e-01
2.358671366533560410e-01
2.353616581461643043e-01
2.354115354773047009e-01
2.354974463973800725e-01
2.357845479176737813e-01
2.352272854266373170e-01
2.360173379749311573e-01
2.354885227723656493e-01
2.355139685548614248e-01
2.353549517205390518e-01
2.357994653550451736e-01
2.352205836222417967e-01
2.350756806054302706e-01
2.359756201549229049e-01
2.354838199846063240e-01
2.360900512544061580e-01
2.359435854545703926e-01
2.346138777981785217e-01
2.342058710210629113e-01
2.347148458597547449e-01
2.347017758282924915e-01
2.350510588939265511e-01
2.344951038190033754e-01
2.348570856415109209e-01
2.348592140142082563e-01
2.342323009301057746e-01
2.346877569666344920e-01
2.350684910061903166e-01
2.338551657490046398e-01
2.341931312519768826e-01
2.343390802863874467e-01
2.347000873053857739e-01
2.338447554115743177e-01
2.338257040605141168e-01
2.331888999252456629e-01
2.339458870811508828e-01
2.336245488678717064e-01
2.335288614933890283e-01
2.333504943011330268e-01
2.345193283429897468e-01
2.335795984559937144e-01
2.338931687183785912e-01
2.342663038220105520e-01
2.340980373378254431e-01
2.337501962565538272e-01
2.327921161539957817e-01
2.336349698563750799e-01
2.338816343603455361e-01
2.329492326853767614e-01
2.338044848914517526e-01
2.330157761187620635e-01
2.340906907368736356e-01
2.338982936935218027e-01
2.340536919994171128e-01
2.340406486138981446e-01
2.340336366873636553e-01
2.338701317380741107e-01
2.335631359365437920e-01
2.335560170278724035e-01
2.338438465888339202e-01
2.336547099470996924e-01
2.337142706441366624e-01
2.338487753000094982e-01
2.331964227903608189e-01
2.337482940762260486e-01
2.334829429614170004e-01
2.339424628034737497e-01
2.345779473620485389e-01
2.342406084273474520e-01
2.341667516515938130e-01
2.339947309610374282e-01
2.339949435484234008e-01
2.339151255323371759e-01
2.343018065463248201e-01
2.343225146408401127e-01
2.347768396965927984e-01
2.342727076344784665e-01
2.349797979596556230e-01
2.349127865058794895e-01
2.342410008773591068e-01
2.344854161582704266e-01
2.339620439351052239e-01
2.343221929869529208e-01
2.340074091664829103e-01
2.345794815945824729e-01
2.336638464310324126e-01
2.346286664045486858e-01
2.343381261318333575e-01
2.341190356029323183e-01
2.344343887617149069e-01
2.346226897367847675e-01
2.339837545994562507e-01
2.342260048340170375e-01
2.338275839217364427e-01
2.342051143049133644e-01
2.347134141382154482e-01
2.339257408930200399e-01
2.338706663860603274e-01
2.340678400804903914e-01
2.341144491930491622e-01
2.340707765770445592e-01
2.338424879247784083e-01
2.338703106752954841e-01
2.341510031542130277e-01
2.335483889925730194e-01
2.341342781076639068e-01
2.342395725738670442e-01
2.343642463607408244e-01
2.342415141401723300e-01
2.345747458134821994e-01
2.334801473760003687e-01
2.339296395346267821e-01
2.343392317298817196e-01
2.339901031699482270e-01
2.337367131672699327e-01
2.340466454566901833e-01
2.335783876814665205e-01
2.342972296312616221e-01
2.338259756690559688e-01
2.335665839154783541e-01
2.337733117643350234e-01
2.339656582801325768e-01
2.339214502255808070e-01
2.338446028799295584e-01
2.344221396809625657e-01
2.337538562929755148e-01
2.337205862951428903e-01
2.338309979709461972e-01
2.341301515497215824e-01
2.342994990525079368e-01
2.339966291491155093e-01
2.340062414734379037e-01
2.341602369836758568e-01
2.342051975207926628e-01
2.338646849685879214e-01
2.341999424420083131e-01
2.336376272566700052e-01
2.336666737138083649e-01
2.343269778291604266e-01
2.340851542919848149e-01
2.342396028518897444e-01
2.338518675930288671e-01
2.340122146188442498e-01
2.341680923459119046e-01
2.342021566163741964e-01
2.333821329608430639e-01
2.335703555338112802e-01
2.348850120862714108e-01
2.342149900036994692e-01
2.342725028818367639e-01
2.335729958004364171e-01
2.339649966332771891e-01
2.339454617960965987e-01
2.339920764836443678e-01
2.334951734425353143e-01
2.337314556945722932e-01
2.346157294885203581e-01
2.341413575243003198e-01
2.338350774471133209e-01
2.338613449304131897e-01
2.346060444186640892e-01
2.340382206828992562e-01
2.337652322556942053e-01
2.340470282734842256e-01
2.344146358016510612e-01
2.341074655401629012e-01
2.347037632679740693e-01
2.347002477606198456e-01
2.341450005250784727e-01
2.338865802809353411e-01
2.339097070009508172e-01
2.337679345201370829e-01
2.344501661922006042e-01
2.343646118733014039e-01
2.348840156378296795e-01
2.343676139233436262e-01
2.344574205396675326e-01
2.339132397406048502e-01
2.358050911294579666e-01
2.341217604670985386e-01
2.346127578918635326e-01
2.351397476576880807e-01
2.343713663357677446e-01
2.345407915699617152e-01
2.350363978402304488e-01
2.348867884801780770e-01
2.346736629122815609e-01
2.341879185213804615e-01
2.346254416597096104e-01
2.345477961054069638e-01
2.347325256119891790e-01
2.343737985657884104e-01
2.351998204128081249e-01
2.349284730454198333e-01
2.353072512964058116e-01
2.348519892043700319e-01
2.353905322423635593e-01
2.346621389508084243e-01
2.348813415460914433e-01
2.346062853807096837e-01
2.348080538583787735e-01
2.355635824035555992e-01
2.348242883345801890e-01
2.347980335834094212e-01
2.351209311246763023e-01
2.346906299988329170e-01
2.351639290136982308e-01
2.347454035759782565e-01
2.354426427140913214e-01
2.349210782331300762e-01
2.351722123284724908e-01
2.353674965315336320e-01
2.350394313996774232e-01
2.353351697415427546e-01
2.350780290763640756e-01
2.351881965473653358e-01
2.348967456963232392e-01
2.350223974782793268e-01
2.345999062536704427e-01
2.352497961134171200e-01
2.348753551591949429e-01
2.350062144275363585e-01
2.355550752496573530e-01
2.349167128139096061e-01
2.352696998136722950e-01
2.351351295745265080e-01
2.346241684925100268e-01
2.344339597425510180e-01
2.344779180269324081e-01
2.346990841218296875e-01
2.353698591589128697e-01
2.349760451405363826e-01
2.346204956522569551e-01
2.339923140982160532e-01
2.342202858420402156e-01
2.347164698857590603e-01
2.342916370597089848e-01
2.348446292571066407e-01
2.347361983636529204e-01
2.345845871501382462e-01
2.347720214874579325e-01
2.353462520760196963e-01
2.345787967532380613e-01
2.354232999635374746e-01
2.346691600581352066e-01
2.349397921890326313e-01
2.347035231341121353e-01
2.346049958936871072e-01
2.353585274878340350e-01
2.348238539568342498e-01
2.349011249807055335e-01
2.327337391249463538e-01
2.334292293078305824e-01
2.331639248555515409e-01
2.325504715015890567e-01
2.329028973134788794e-01
2.327068676758885235e-01
2.326931963458788999e-01
2.327423214232670345e-01
2.327304802400473882e-01
2.328261441793730846e-01
2.326364391277971344e-01
2.329251450880732710e-01
2.326766507460673317e-01
2.323738331904054988e-01
2.330884293827308329e-01
2.325750589234759635e-01
2.324030215905224794e-01
2.325270546557107187e-01
2.329244683027410501e-01
2.331842415973783278e-01
2.330328346404121342e-01
2.329539719545080378e-01
2.328671493439068985e-01
2.325991466307469613e-01
2.327799394393892662e-01
2.327177227366999390e-01
2.329242492447885504e-01
2.329725036714691555e-01
2.325710964391838609e-01
2.327096639519168619e-01
2.321922861509371772e-01
2.327727837227540619e-01
2.322899376052820208e-01
2.318182987487049651e-01
2.324481140901174248e-01
2.327589622033620076e-01
2.333080692857105176e-01
2.327893373735619997e-01
2.329593180746468151e-01
2.329471911509414239e-01
2.327906348763912336e-01
2.325672106465525302e-01
2.332076806235960920e-01
2.325070896850045810e-01
2.324454171546043446e-01
2.326426481206654850e-01
2.321546539169645762e-01
2.328973242021992462e-01
2.330470983515655903e-01
2.326345510726970378e-01
2.324105579084888296e-01
2.321124195106500920e-01
2.323049861132990002e-01
2.319414055683239051e-01
2.323047704280893633e-01
2.324289371537026083e-01
2.322102186651253952e-01
2.320250620066365566e-01
2.323095349196359904e-01
2.322439219118909159e-01
2.317907768447382000e-01
2.325335895667357544e-01
2.324208536099972855e-01
2.328016359142729141e-01
2.322415515802205566e-01
2.322694377344323713e-01
2.325091988197395265e-01
2.322991263386430250e-01
2.323061152150533160e-01
2.330304013348701297e-01
2.324731361063080426e-01
2.325236107200320534e-01
2.324589914013603931e-01
2.323945453353370993e-01
2.322832679453879778e-01
2.320001546477215848e-01
2.317319018516419138e-01
2.320606363032300667e-01
2.324434783589363340e-01
2.323915998988949905e-01
2.319301830622261251e-01
2.323745895106514026e-01
2.322509402333874373e-01
2.319182912738678992e-01
2.325381800313966185e-01
2.321308102542100349e-01
2.320176787055010514e-01
2.326086392808236480e-01
2.320999773090422769e-01
2.317685308593651627e-01
