5.628505057965719344e-02
5.623404724367256358e-02
5.657310724686342995e-02
5.623047265029466890e-02
5.594463318929400464e-02
5.606980915344991767e-02
5.618207288217862139e-02
5.620536586645069610e-02
5.643461162232653316e-02
5.622932744703120628e-02
5.601992650165765752e-02
5.604068308964291201e-02
5.646479019610750605e-02
5.599169003429619457e-02
5.621579498139207820e-02
5.627976741755664342e-02
5.648104118335807444e-02
5.605199799297487517e-02
5.628832265936289936e-02
5.620007392267691027e-02
5.649473588327597051e-02
5.664310564537676507e-02
5.648035188483076230e-02
5.634812599854444048e-02
5.626815957824980730e-02
5.613098946209944817e-02
5.630371281403202810e-02
5.667424765465153835e-02
5.660346389061890471e-02
5.627168250314050491e-02
5.625915305945539124e-02
5.608651940176435924e-02
5.616898774882028711e-02
5.626041457257759809e-02
5.602977978435091932e-02
5.616215582133424200e-02
5.607737930962524570e-02
5.593162323931786389e-02
5.630201562558215939e-02
5.619396109525225114e-02
5.613379308788798983e-02
5.582897889936400126e-02
5.613593921177191526e-02
5.624454656232776018e-02
5.569241017095873103e-02
5.628667295719123193e-02
5.597279363496228399e-02
5.583915928736702533e-02
5.554555473802147425e-02
5.599622191838242447e-02
5.597100670941265732e-02
5.631948153494877735e-02
5.639335883603593946e-02
5.617042920322001809e-02
5.583371983111432707e-02
5.634184225537579305e-02
5.609883288993788159e-02
5.592229966898636107e-02
5.599242893171897661e-02
5.602732280451626357e-02
5.615549642648767770e-02
5.570479290504125325e-02
5.600102607241912167e-02
5.622163438891371323e-02
5.603050567518653297e-02
5.594534972507525517e-02
5.590439937261725001e-02
5.634495925673863037e-02
5.579513939846595522e-02
5.568574872264422243e-02
5.601456774607668776e-02
5.624960972282901789e-02
5.576204288731469172e-02
5.611481657525732580e-02
5.629160777765524620e-02
5.628565404136309791e-02
5.600109208211960510e-02
5.587705540286484057e-02
5.545644451204229802e-02
5.586157282886329567e-02
5.604711009355624329e-02
5.589858552207874892e-02
5.610474707569666764e-02
5.599604846839065925e-02
5.587582139722094970e-02
5.584628542366887327e-02
5.580131896733710878e-02
5.587468052288963039e-02
5.600708684600490261e-02
5.577796148244960894e-02
5.596515042372888354e-02
5.597473812199122573e-02
5.601100175781488499e-02
5.591382090922307480e-02
5.598441623339518725e-02
5.593967680369049678e-02
5.564606334683047661e-02
5.584969548060499112e-02
5.622899153942012562e-02
5.600929549011726682e-02
5.628074840663848527e-02
5.594127381387290626e-02
5.572981868646430942e-02
5.620914664678873518e-02
5.617439410574359693e-02
5.596908914927661849e-02
5.581617919597152422e-02
5.613495845082749902e-02
5.569731708056169239e-02
5.592722312994125033e-02
5.581933747288297942e-02
5.622849062294904554e-02
5.588468263563308586e-02
5.583890724969454988e-02
5.591284725717714232e-02
5.600902004246277599e-02
5.626035630258799380e-02
5.585024929848872444e-02
5.585941681357106670e-02
5.603952637474336751e-02
5.604446498325955928e-02
5.576292984613866188e-02
5.590706475117281082e-02
5.600572346492165704e-02
5.597522783628558485e-02
5.609484928246320085e-02
5.567599071270448730e-02
5.612085566860679220e-02
5.591833407331286976e-02
5.603071296495972659e-02
5.574649589256117088e-02
5.600817602564162057e-02
5.604702075946668693e-02
5.584311506019995486e-02
5.558431728848857445e-02
5.580651570256443816e-02
5.564382047550617966e-02
5.578830642585019817e-02
5.593037750153605214e-02
5.593387398633367646e-02
5.593021052613264543e-02
5.586430732109267522e-02
5.584815130668062400e-02
5.591701126067298577e-02
5.574275562634344039e-02
5.574322011863937221e-02
5.575281384897723402e-02
5.605625393292835990e-02
5.596369902536713764e-02
5.571097336158340602e-02
5.581450411785826571e-02
5.574749453504315722e-02
5.586389461345348667e-02
5.573553026192529930e-02
5.600630145921624975e-02
5.605518868608036498e-02
5.576947038430837833e-02
5.582937413834293539e-02
5.573793984430563259e-02
5.579147158112586491e-02
5.604413873132477186e-02
5.588803591845308005e-02
5.604985503171898420e-02
5.590203966087588239e-02
5.595033867847874071e-02
5.588510305569527326e-02
5.576928469261857590e-02
5.547085799224649172e-02
5.610016737159399802e-02
5.611068227170312728e-02
5.573502478296184226e-02
5.587231461727806825e-02
5.588158167304707602e-02
5.622486462116328687e-02
5.605517868799876624e-02
5.609891589418788266e-02
5.588461641155546833e-02
5.600450329542233652e-02
5.618556189914591936e-02
5.581647457491245579e-02
5.615383918227435239e-02
5.597767229787315585e-02
5.596217729578124161e-02
5.600035773284144092e-02
5.597004165958480854e-02
5.618628293140148083e-02
5.604192188110481559e-02
5.615122869628549895e-02
5.622206247075349494e-02
5.613681645807454962e-02
5.588453819544378365e-02
5.570973798662263998e-02
5.592096546449765171e-02
5.594874061921827069e-02
5.597383129312263894e-02
5.604640945023162818e-02
5.588767819557535765e-02
5.591635184744801063e-02
5.588156800716255479e-02
5.591283373151641201e-02
5.595976757172776983e-02
5.580447234882203456e-02
5.568233798253273414e-02
5.556076120717508282e-02
5.611800748925102611e-02
5.579257261734872630e-02
5.578587371958871471e-02
5.566923290302838723e-02
5.588500743991994812e-02
5.587183927018125884e-02
5.569405335108262856e-02
5.563449173091494782e-02
5.581452497793438355e-02
5.555779252938818080e-02
5.565658121344523035e-02
5.575022811713332277e-02
5.588610625672690846e-02
5.578974986720225404e-02
5.592310206306140563e-02
5.574470221030788930e-02
5.568669604647893956e-02
5.581132879510701528e-02
5.551736687095665951e-02
5.561040873266707985e-02
5.604087508817708063e-02
5.578514861642570877e-02
5.585327634448881973e-02
5.545814124760920644e-02
5.588624514124878456e-02
5.597650072486676925e-02
5.589033366313099493e-02
5.572291766254475198e-02
5.567309164683034717e-02
5.554197261676887404e-02
5.583223617975990177e-02
5.566968523747626435e-02
5.560062755410118129e-02
5.581965651037038012e-02
5.578458005677662535e-02
5.565741501320090739e-02
5.543387710537901053e-02
5.583806883484704331e-02
5.538973054224944487e-02
5.552580537636323671e-02
5.564884565497225932e-02
5.534964401644752729e-02
5.543587251822441192e-02
5.538512801713373068e-02
5.561289727480406286e-02
5.584957734733721202e-02
5.570796388647621111e-02
5.553234515599503318e-02
5.551542733213072484e-02
5.539683801168222843e-02
5.539561826329094524e-02
5.556283533528581786e-02
5.556690425946244488e-02
5.573961010197898275e-02
5.546244045645534748e-02
5.550795687219324537e-02
5.548086793909555448e-02
5.567004103419320726e-02
5.559320387221457216e-02
5.569449142763314292e-02
5.552588290875723476e-02
5.577061706141740738e-02
5.540122051714285734e-02
5.575666852613166136e-02
5.566036568416245917e-02
5.553791604398503057e-02
5.562576643275211896e-02
5.551306957445388546e-02
5.528891566210068775e-02
5.569960683838635213e-02
5.553855962609798025e-02
5.576549509601974597e-02
5.549243608539215084e-02
5.530084608696606008e-02
5.576059844875359828e-02
5.516018905756518709e-02
5.532878874211201448e-02
5.539681713584681394e-02
5.527357916094266521e-02
5.533786738551811635e-02
5.574577579737753641e-02
5.541159093770221117e-02
5.526112249401245180e-02
5.543469524613972577e-02
5.541267545405257483e-02
5.536588896248252623e-02
5.525166297542733612e-02
5.535409629545619270e-02
5.528601274424073397e-02
5.538279450140787263e-02
5.557302566762681306e-02
5.550462210362416826e-02
5.544362301748394922e-02
5.531969863520641573e-02
5.542563101008328441e-02
5.547979343757451776e-02
5.542198176594510806e-02
5.531868342603099564e-02
5.537099534360417907e-02
5.539266630487728327e-02
5.523279296766246682e-02
5.545518246833662512e-02
5.532846151334991358e-02
5.535649844917631124e-02
5.517496552909966628e-02
5.525127291488755865e-02
5.543333303287267810e-02
5.564938750573658610e-02
5.565573180583131135e-02
5.547652040182038391e-02
5.566054515426605703e-02
5.531076323605874090e-02
5.550368140498181807e-02
5.548342202229888942e-02
5.540505555064134668e-02
5.528257481940663381e-02
5.531909478844442007e-02
5.558652621357569601e-02
5.547268935083153607e-02
5.561059898936832752e-02
5.511375625806796269e-02
5.527837566356020443e-02
5.514389959973061556e-02
5.539796400481890315e-02
5.499412535248010547e-02
5.512872743161112421e-02
5.549492130486538555e-02
5.530786687916989380e-02
5.523342252600278723e-02
5.538252262266109283e-02
5.531171998543739365e-02
5.544048625399383701e-02
5.522276209280506387e-02
5.529479255636539359e-02
5.522829033104376117e-02
5.531690732625769991e-02
5.520154554395452495e-02
5.535488371063213703e-02
5.533065965735910197e-02
5.545248940926067460e-02
5.523202945982610967e-02
5.542446825499371121e-02
5.543874045134405959e-02
5.540026682008490633e-02
5.551403549751191685e-02
5.548164771500704862e-02
5.541791094165399861e-02
5.526062366597178643e-02
5.535741450972946065e-02
5.518715645934946928e-02
5.518386437242481235e-02
5.533514249829560305e-02
5.543198821753519967e-02
5.531329404988340193e-02
5.523307136102292847e-02
5.507442455424958055e-02
5.536187724328974630e-02
5.536454839051248994e-02
5.544591676032135930e-02
5.505522928028087210e-02
5.528104163765361345e-02
5.537669980729240798e-02
5.508408303202396578e-02
5.516000956116445114e-02
5.537541444482922681e-02
5.537622817578259637e-02
5.506354907675364840e-02
5.549601471074564613e-02
5.514450827925782006e-02
5.503910179040021056e-02
5.520126088443012835e-02
5.498899715843366676e-02
5.523898263050523727e-02
5.544317553057471343e-02
5.517018655231240021e-02
5.545899173442256358e-02
5.504150045582436451e-02
5.516619963826756290e-02
5.524998050726573351e-02
5.540202470661503842e-02
5.538165073343674638e-02
5.570409410601880745e-02
5.532484044423165159e-02
5.548405676189868685e-02
5.562936066942605201e-02
5.536300567505812731e-02
5.537987617202316803e-02
5.526875033902331480e-02
5.546199233048236532e-02
5.527900129186814893e-02
5.565993409879682607e-02
5.512303329014278663e-02
5.506627273317842020e-02
5.537024689373043485e-02
5.500913294166856482e-02
5.533763169568502172e-02
5.521227689569667418e-02
5.522422210455275871e-02
5.522760430678599897e-02
5.519623440227451605e-02
5.531377084637421199e-02
5.523023691242948119e-02
5.520526982465875920e-02
5.517103675909813820e-02
5.524237472469332305e-02
5.501500373283387674e-02
5.490915448602444460e-02
5.487614154388004151e-02
5.495858728332730231e-02
5.509107107938525372e-02
5.534574703540296597e-02
5.493973308250145460e-02
5.506561869918352725e-02
5.527484226274463619e-02
5.506173688932157473e-02
5.534133576612043637e-02
5.523981066844406429e-02
5.506471859698240656e-02
5.472614900685178474e-02
5.530975525315572766e-02
5.513596236544163198e-02
5.508734638176464304e-02
5.514588049971227979e-02
5.546638613793686279e-02
5.496188681305010093e-02
5.500779887234555354e-02
5.520432122277638826e-02
5.516105217051010812e-02
5.479351117649647329e-02
5.507659324580660432e-02
5.523852903459652852e-02
5.508475875155316448e-02
5.489869255044566715e-02
5.504362035750254289e-02
5.476748774282795551e-02
5.500099051961006291e-02
5.507533140341345362e-02
5.500566389825355118e-02
5.539347686627852513e-02
5.497035856305292068e-02
5.487980454019375509e-02
5.471143672946095216e-02
5.492215300363016695e-02
5.516673513974913734e-02
5.474815947298648788e-02
5.478980262459968303e-02
5.465131422129562710e-02
5.503534388656697307e-02
5.496115114634005094e-02
5.484756370503975076e-02
5.480774982086301234e-02
5.510107446158312577e-02
5.482905010207965446e-02
5.490740571416695415e-02
5.513208183296551546e-02
5.492023025104882800e-02
5.514081766624508163e-02
5.499035450015068299e-02
5.496353727858956095e-02
5.495889552397291433e-02
5.491041127900304908e-02
5.488052063090394228e-02
5.479500729933492464e-02
5.500677423681664402e-02
5.511176103263928927e-02
5.484153734826680698e-02
5.482983711752334455e-02
5.504694612570124046e-02
5.514203658862167068e-02
5.445746589897636214e-02
5.481122995756736171e-02
5.485286248540525988e-02
5.505411207789863426e-02
5.493107366472190639e-02
5.490940088715851736e-02
5.511542044681683183e-02
5.491177427068140438e-02
5.495449354789234964e-02
5.470663294350142092e-02
5.485889846316717444e-02
5.479729822369152487e-02
5.442041802701101660e-02
5.546621825901325298e-02
5.474847824844732147e-02
5.512681992086487792e-02
5.504339207859623717e-02
5.507459450574862803e-02
5.457785056131209817e-02
5.485135671886402775e-02
5.501926780395226257e-02
5.509936749376319332e-02
5.481757164768083501e-02
5.466408815769782659e-02
5.526467150385024757e-02
5.501194509953268030e-02
5.486704778335844968e-02
5.465060591690514002e-02
5.533957046133010371e-02
5.471796878674459186e-02
5.460287618154056888e-02
5.460127295285249760e-02
5.494714739838998940e-02
5.487317651054478274e-02
5.520177045987338660e-02
5.513865018224074765e-02
5.537816171784522290e-02
5.514808645040808477e-02
5.469532594770988576e-02
5.515845941575585332e-02
5.532477469876094511e-02
5.483568792147706927e-02
5.518492834427390914e-02
5.524461120057371638e-02
5.526972375702390861e-02
5.489471916914781535e-02
5.483333354636277246e-02
5.481511105937792588e-02
5.483663157615586980e-02
5.475810474405902462e-02
5.482617996874062510e-02
5.451287532773602118e-02
5.477959305028065606e-02
5.466653628059978121e-02
5.492105184477558133e-02
5.489950504105899076e-02
5.483902455050668201e-02
5.451350020660659934e-02
5.494574783407858709e-02
5.497882456448428823e-02
5.501008316351013033e-02
5.524081222899387966e-02
5.475566019863920691e-02
5.490264844981786879e-02
5.501914287625979394e-02
5.490459648007290500e-02
5.476508681550068536e-02
5.506724965790255749e-02
5.511462720792582870e-02
5.513531991423605005e-02
5.479830448062817522e-02
5.514216379242677102e-02
5.486373795148072330e-02
5.486502197215343407e-02
5.485247973212397515e-02
5.476086267174175293e-02
5.504613415830248574e-02
5.515030202374104906e-02
5.458306626106129711e-02
5.499798714426837321e-02
5.496253275971660357e-02
5.503763765831819199e-02
5.494656253321668349e-02
5.465468720910970218e-02
5.481314225732109024e-02
5.500347879155027125e-02
5.495477111521397673e-02
5.495849686905085463e-02
5.492707880318519614e-02
5.478505657726921718e-02
5.477890421197795928e-02
5.476693069646176859e-02
5.494790501260417293e-02
5.490757642728315985e-02
5.499574329104008064e-02
5.466082917448746720e-02
5.514131419267995216e-02
5.477888363716572340e-02
5.459325435345056127e-02
5.471072838381516035e-02
5.484155324670424853e-02
5.471162977139896327e-02
5.486159628620766726e-02
5.508981807329700608e-02
5.493891665648934636e-02
5.477029197195318333e-02
5.493078688431054374e-02
5.494948647272761277e-02
5.509662104657555431e-02
5.498910493799081395e-02
5.502743127347028973e-02
5.497869649493578037e-02
5.488141011617400644e-02
5.498730842275176278e-02
5.487735121889067424e-02
5.506048712253881761e-02
5.505699788983119125e-02
5.489452851204333628e-02
5.490906697686097349e-02
5.510839478506236733e-02
5.506010042642685981e-02
5.473786102320120361e-02
5.522257269263416979e-02
5.507734376211013971e-02
5.507745812406492081e-02
5.513423621584358225e-02
5.502010179671742995e-02
5.490607465554646349e-02
5.502943176926293478e-02
5.487862552857113163e-02
5.505139230428758579e-02
5.497498445003960732e-02
5.501533667892467838e-02
5.477628490769385905e-02
5.462763303601550491e-02
5.486823400528991618e-02
5.483137678673574711e-02
5.481742623203759990e-02
5.464481957471863105e-02
5.495670024541669807e-02
5.506045760260803307e-02
5.478492770323561967e-02
5.497353080756352955e-02
5.477760002627948821e-02
5.483210744468278164e-02
5.508580163795795404e-02
5.489979285948513171e-02
5.480224792709782744e-02
5.477166765985948260e-02
5.465170832248177762e-02
5.448045999258277483e-02
5.480913554256539727e-02
5.520381286200543025e-02
5.462983864498203307e-02
5.495454187217933828e-02
5.440014783854205810e-02
5.502760428154279682e-02
5.470537814826333112e-02
5.488475605464827184e-02
5.488155413776871216e-02
5.479781342869772393e-02
5.485060778368656270e-02
5.475054669533420404e-02
5.523847216090690265e-02
5.502392766282935416e-02
5.499132079695645547e-02
5.516629974004563786e-02
5.490518320532442736e-02
5.485634097504486079e-02
5.480725434302691212e-02
5.511081072805605607e-02
5.477425922746986808e-02
5.479641517555426666e-02
5.467790936359981369e-02
5.494209702818952240e-02
5.515051805178632777e-02
5.500732675985885861e-02
5.490791927993517174e-02
5.469735480735124500e-02
5.486943757262121441e-02
5.508074305847790453e-02
5.487763038583987757e-02
5.463662794666312300e-02
5.519536495905705970e-02
5.485203541484288958e-02
5.501126760499867874e-02
5.484131163076930160e-02
5.472588959536934389e-02
5.493614358121974572e-02
5.502901296392294361e-02
5.492560446368169313e-02
5.484951867527130404e-02
5.499947491983868397e-02
5.437414490005145623e-02
5.530563844172964316e-02
5.479397147615625019e-02
5.503830865115358351e-02
5.457285629321953491e-02
5.485999057655455147e-02
5.509624263026546842e-02
5.494648804943359777e-02
5.514906836657461342e-02
5.510499574396497680e-02
5.507399038736612157e-02
5.479484279343573710e-02
5.503187082095842286e-02
5.496320000509065384e-02
5.502069628182396088e-02
5.495668256849937233e-02
5.497782833897832400e-02
5.541525341979032515e-02
5.487596765544551503e-02
5.524750683771299797e-02
5.507483215752913969e-02
5.501823330567529036e-02
5.504087627102832725e-02
5.511559785085810848e-02
5.506704452544480821e-02
5.508039006029550461e-02
5.505196012251001303e-02
5.493378355919088102e-02
5.510781034232750675e-02
5.517921130906920657e-02
5.506385239681996224e-02
5.466522558006338406e-02
5.501463711893766345e-02
5.506871421287386215e-02
5.511317654616265660e-02
5.490831251556602122e-02
5.510595254028223533e-02
5.468903314102661894e-02
5.501756737712748535e-02
5.472266377866324971e-02
5.531155746088028957e-02
5.502224051007597455e-02
5.488943177502153548e-02
5.500869931576885669e-02
5.503972963833445031e-02
5.478105724443833174e-02
5.498897704910267470e-02
5.494373119284193252e-02
5.509245414891213860e-02
5.508531651473171087e-02
5.470115000387219817e-02
5.488230499365469306e-02
5.482768833830901911e-02
5.509244002249581718e-02
5.491763732717568069e-02
5.479714094498189247e-02
5.478792536926688217e-02
5.488238546691460995e-02
5.474546249771364281e-02
5.481479862669373648e-02
5.479835991985411436e-02
5.499667183365970768e-02
5.497993528844641320e-02
5.499779655702585063e-02
5.512361315082740798e-02
5.517861062533754857e-02
5.503163133245436711e-02
5.483775066664393905e-02
5.497749034287190140e-02
5.519377393423521849e-02
5.505239247171934969e-02
5.500885521175343656e-02
5.496564998066133523e-02
5.502816251257595243e-02
5.500440639048048697e-02
5.489665562171403002e-02
5.502696790438782459e-02
5.460258635803560967e-02
5.521499092546687526e-02
5.483089463980816980e-02
5.520591000171759521e-02
5.492433497284999327e-02
5.496178302899271118e-02
5.509864052025180425e-02
5.500647110213362223e-02
5.509018671417854202e-02
5.492938592882412596e-02
5.459390403387910651e-02
5.497948111719238445e-02
5.471339227669780314e-02
5.502635120064566787e-02
5.508957293153626117e-02
5.503359832688606290e-02
5.512741611958617977e-02
5.475534621114580558e-02
5.465410700479371442e-02
5.512071956581961196e-02
5.486964732219402896e-02
5.531175502124661969e-02
5.508604907989936295e-02
5.489366414213292522e-02
5.530606983125772869e-02
5.512260679698235966e-02
5.509621423594610046e-02
5.501837043659102422e-02
5.501239203816709472e-02
5.534239487870186436e-02
5.511030553955523215e-02
5.531029649082039312e-02
5.531937197344742596e-02
5.546101876913878126e-02
5.545570198045000204e-02
5.514749813579201965e-02
5.499218371766990965e-02
5.522984253967060109e-02
5.545994680172209451e-02
5.523687403342891766e-02
5.541599508826826337e-02
5.510842528782299021e-02
5.530350612372080671e-02
5.540612701173702054e-02
5.511956241900962256e-02
5.535160061600429698e-02
5.517086099525773946e-02
5.545261661230193456e-02
5.492495591153780110e-02
5.516994799511799191e-02
5.552916276451337618e-02
5.525497430423468442e-02
5.515736544550672860e-02
5.534852186008829000e-02
5.541510436095587605e-02
5.534240648861446510e-02
5.512968216946000088e-02
5.550940231592560448e-02
5.525203106988568758e-02
5.545385996464976402e-02
5.528031248679303455e-02
5.542412136195517397e-02
5.536352055888170420e-02
5.554103650892902588e-02
5.529636503375577605e-02
5.542589694853993637e-02
5.521862066290324222e-02
5.522502982908575331e-02
5.523236579315208422e-02
5.530922623481673850e-02
5.544074579416093107e-02
5.510745456525897867e-02
5.523445131170803823e-02
5.578595340532001290e-02
5.505343799978971997e-02
5.490586404489467692e-02
5.511263506169600951e-02
5.519970744100355375e-02
5.526536209098599495e-02
5.536832150754526782e-02
5.494350481665242342e-02
5.508787529511606496e-02
5.510868970280383139e-02
5.544184022388444488e-02
5.527828876133189517e-02
5.518228795127636671e-02
5.532141239753650408e-02
5.517194848971319898e-02
5.514806667091653319e-02
5.524573461227107185e-02
5.581895188375572692e-02
5.492463527894024533e-02
5.519990106189458234e-02
5.519474123687772432e-02
5.528254693369766271e-02
5.503974696931250576e-02
5.528860016845314751e-02
5.462398582737582053e-02
5.525766088186365860e-02
5.592584812681240108e-02
5.581830031700693584e-02
5.559632591360402082e-02
5.599355886368197199e-02
5.578764886086820529e-02
5.592701992929739740e-02
5.583989422571133954e-02
5.629879142496868605e-02
5.607430761821138865e-02
5.587631098640293698e-02
5.570491607500539788e-02
5.576422088794621978e-02
5.602366701628006679e-02
5.597246709297949707e-02
5.575920353750152270e-02
5.574391662687533389e-02
5.614523570550733478e-02
5.549889904844999833e-02
5.592225119825780522e-02
5.639141804233403082e-02
5.623185910554941852e-02
5.601981082903828568e-02
5.607568096364613092e-02
5.627845497729869195e-02
5.567605660087375508e-02
5.641495780439483021e-02
5.595439864060307300e-02
5.577037130136285048e-02
5.583940402195652908e-02
5.608977525295444355e-02
5.589509529034407398e-02
5.592046044520131154e-02
5.588447655132056102e-02
5.546870779485904568e-02
5.569897571552380466e-02
5.562620336195261278e-02
5.603361875790846547e-02
5.571492220409544893e-02
5.556410187016116997e-02
5.571396552357664456e-02
5.601530050253619719e-02
5.580329533015398330e-02
5.597981350185369381e-02
5.610693716807076126e-02
5.608105794458703719e-02
5.606180744214199485e-02
5.599990250057955421e-02
5.593775182202564977e-02
5.611134669783431062e-02
5.618066848238026378e-02
5.610575747247685541e-02
5.596994753214705465e-02
5.593342844138951553e-02
5.614742948175455162e-02
5.618896152836061475e-02
5.601201529295250087e-02
5.666461569513935731e-02
5.658306276615791830e-02
5.661256266198248788e-02
5.663022624161953567e-02
5.653571286614671176e-02
5.686037763929687600e-02
5.690929263995872511e-02
5.664985521421225106e-02
5.675764432742377852e-02
5.657376572550890104e-02
5.655254194387270700e-02
5.667595089853805918e-02
5.666940759229968649e-02
5.660911098386317564e-02
5.680827180876348026e-02
5.672346104179063625e-02
5.674970412149182852e-02
5.663493602831397300e-02
5.658774470094767028e-02
5.679313292908406280e-02
5.681007382089535429e-02
5.667618321088893629e-02
5.688937524440508542e-02
5.688538375182187329e-02
5.679624193041588054e-02
5.640839611331124187e-02
5.655972842749713153e-02
5.670849995499332996e-02
5.605189277411827542e-02
5.657642756386944971e-02
5.635325133489894889e-02
5.703951773295637406e-02
5.671017072852177487e-02
5.722718131760887172e-02
5.647680234504875996e-02
5.684922310445230526e-02
5.651931377470485740e-02
5.680054698760665655e-02
5.663943481532240226e-02
5.639593588354647330e-02
5.673253525349732096e-02
5.633787119500613394e-02
5.648379048567700456e-02
5.660301071135977191e-02
5.674187309231342596e-02
5.673715490414056595e-02
5.601598028678821117e-02
5.657521797041842326e-02
5.636955927984106662e-02
5.624065691084895874e-02
5.629142623752033531e-02
5.639253779813818701e-02
5.624237955621377849e-02
5.636446772406662059e-02
5.647106991524240144e-02
5.617123629917164518e-02
5.631370724580203602e-02
5.661658554496120516e-02
5.628719451960702280e-02
5.639730859498565119e-02
5.628273846318607165e-02
5.624006119083922728e-02
5.653711425006734126e-02
5.633204212935284672e-02
5.618784601049171823e-02
5.637406376183998202e-02
5.619477797066436964e-02
5.637761860868160252e-02
5.637477201641116764e-02
5.629297039500028021e-02
5.624844689698638156e-02
5.640262137397278330e-02
5.621175588484213226e-02
5.644665453732095051e-02
5.649062168876481382e-02
5.621003638318904094e-02
5.637952687604549928e-02
5.642334837421493499e-02
5.628748667943583167e-02
5.632183411573043336e-02
5.644079183285026502e-02
5.625602703592046810e-02
5.632214951743362563e-02
5.633122905125845237e-02
5.631973500832224144e-02
5.620747804601185227e-02
5.657209368425307472e-02
5.617740828787264051e-02
5.626786169262940063e-02
5.646263025229493471e-02
5.635227668521419764e-02
5.609472273368881767e-02
5.626655510139957905e-02
5.641350915371506902e-02
5.648182592453095119e-02
5.616562101082506198e-02
5.617680168427464926e-02
5.644771538654293208e-02
5.621688002280082752e-02
5.645127043920992321e-02
5.641742566231741640e-02
5.615612469489443537e-02
5.648680577445681222e-02
5.641956719012597432e-02
5.619752839497250962e-02
5.633550727501442784e-02
5.614867656848747390e-02
5.655885835145352258e-02
5.641465926167478495e-02
5.616120275137643364e-02
5.623584925157908143e-02
5.624574888137377771e-02
5.652321387448877577e-02
5.615494407150607714e-02
5.636575796084522527e-02
5.631704840735907158e-02
5.651598979305035020e-02
5.649681199503221729e-02
5.635158629901900612e-02
5.619283768264531770e-02
5.618177158374705604e-02
5.627930015963414356e-02
5.642793486827111377e-02
5.630797658674061013e-02
5.618530745138419075e-02
5.616137798590042918e-02
5.620064117059277164e-02
5.622706663730890619e-02
5.623143219824611183e-02
5.610674813899681895e-02
5.608197381511008384e-02
5.583760923906624929e-02
5.627297946718742144e-02
5.620594477087299118e-02
5.629279370033678231e-02
5.618528829055831342e-02
5.620926365266833147e-02
5.606431799482547440e-02
5.647024746242457205e-02
5.614277458827574008e-02
5.618480657130745654e-02
5.567164561237345627e-02
5.613411019831078541e-02
5.634304640739732500e-02
5.597447225853040276e-02
5.589082189538680662e-02
5.613313880085734481e-02
5.609244177276875853e-02
5.617002304909829435e-02
5.625445510156739520e-02
5.607599904590475359e-02
5.612996426525360127e-02
5.616751889394772101e-02
5.623879781471495531e-02
5.644270439758297675e-02
5.589137493812328106e-02
5.615650892451880261e-02
5.621207385193249806e-02
5.645690130809785656e-02
5.638408368956268624e-02
5.647470684015981623e-02
5.632469309121050649e-02
5.607559016328770435e-02
5.594456134571164363e-02
5.624256692238049915e-02
5.623389083361990393e-02
5.586531957279258775e-02
5.633085485433032835e-02
5.600270039323002047e-02
5.638774483208153221e-02
5.639591367612487721e-02
5.629756324905055981e-02
5.624564560376976718e-02
5.608385376725322224e-02
5.644917348464428830e-02
5.619034489089214102e-02
5.609788137574996114e-02
5.626582876676153311e-02
5.610468793562915779e-02
5.605634114884742308e-02
5.635338151800460549e-02
5.599955199408784140e-02
5.645016697055740829e-02
5.615990658893608295e-02
5.644201214076693951e-02
5.640176611210155622e-02
5.632184857729424787e-02
5.617239558784614673e-02
5.618185809320239144e-02
5.640846156758477087e-02
5.617987536755562894e-02
5.645915295104882853e-02
5.643348770016898275e-02
5.625976811427771396e-02
5.626595218101068663e-02
5.624954322188616129e-02
5.612727997383019224e-02
5.614686737804845673e-02
5.655168347096545256e-02
5.632279913913083857e-02
5.646424240141649509e-02
5.645956605007267787e-02
5.643742173774003723e-02
5.657523077120335531e-02
5.648053898238644677e-02
5.592962119607775701e-02
5.600894819716120687e-02
5.621735672676889811e-02
5.582830637730788748e-02
5.616825611868087736e-02
5.610890028500552934e-02
5.612589717026257585e-02
5.600817432962611891e-02
5.600900574975854751e-02
5.603826914419700322e-02
5.636084935699595122e-02
5.630564201779332534e-02
5.587684695651608247e-02
5.599653613640633021e-02
5.609163583296870870e-02
5.593357720171512892e-02
5.627814310166733003e-02
5.584802919829784384e-02
5.615580722829265070e-02
5.618796273000939423e-02
5.617133520110127037e-02
5.624363438631656276e-02
5.613211151472665555e-02
5.584698748654934319e-02
5.604305387236781233e-02
5.602533193948602830e-02
5.592405629912299003e-02
5.591638003038710419e-02
5.578720631026434090e-02
5.597390566571416870e-02
5.580166116559034939e-02
5.593756862971445420e-02
5.574865245120930873e-02
5.625476229329676170e-02
5.609799225955641733e-02
5.606723325908213179e-02
5.604812200453895138e-02
5.585599594661121159e-02
5.602455685362014992e-02
5.573850845780320418e-02
5.589412466470192187e-02
5.616928927167531838e-02
5.641421462209754434e-02
5.591428768912481972e-02
5.601584914009426208e-02
5.644855140515639413e-02
5.619758513653862197e-02
5.613807690052415034e-02
5.571047754018653569e-02
5.595490193633147202e-02
5.601321785555302135e-02
5.596279143031382408e-02
5.610759528578272703e-02
5.589274269351578173e-02
5.623815450879428995e-02
5.617370480029121316e-02
5.636501945491831367e-02
5.596169530560883565e-02
5.623596774624112921e-02
5.564794565612171673e-02
5.605891162491936919e-02
5.613588354451898299e-02
5.595640139514920092e-02
5.619416824796370780e-02
5.587814060757444190e-02
5.596049358508432825e-02
5.593844319865273751e-02
5.602021871614452919e-02
5.602093382176376313e-02
5.600656539954956131e-02
5.600896764361983776e-02
5.595422352107877473e-02
5.609686737242856880e-02
5.602972046658374894e-02
5.619650982215239343e-02
5.611356654715827369e-02
5.571451167214734601e-02
5.617964103095624689e-02
5.613415400099108776e-02
5.603340605256042217e-02
5.622043780708696481e-02
5.603887429035578349e-02
5.624278529812022642e-02
5.629370512602312193e-02
5.608113403434029920e-02
5.613336515455131376e-02
5.577583955079808836e-02
5.631319426779064774e-02
5.584918976297383042e-02
5.623907882005567405e-02
5.575818100872076410e-02
5.617662846296431201e-02
5.608064563767256594e-02
5.620632252983483179e-02
5.584651515360379570e-02
5.587454295990786080e-02
5.589980563443115724e-02
5.615142863266525675e-02
5.578725511448887064e-02
5.618053204807014339e-02
5.621000246906654452e-02
5.597631599698521532e-02
5.607106418339281168e-02
5.606936352110504507e-02
5.615859425073332217e-02
5.627954577530960845e-02
5.578934699638347927e-02
5.611819109545666817e-02
5.609904267639766184e-02
5.595474355753178586e-02
5.596137368302335491e-02
5.575415909138847076e-02
5.599126204240077731e-02
5.580176678945918123e-02
5.582788210498813158e-02
5.587659076561331956e-02
5.590302321567575117e-02
5.571249312858548436e-02
5.595992586365325372e-02
5.570776397510179140e-02
5.610988589336120963e-02
5.613569436028211651e-02
5.569514103313896736e-02
5.574170541675385615e-02
5.583977161329818639e-02
5.597306118137912456e-02
5.608292647827767263e-02
5.569415127960132550e-02
5.602854046029280555e-02
5.597748735744248472e-02
5.586690550916448977e-02
5.576529712404251771e-02
5.590342354494273747e-02
5.607210221880218337e-02
5.579031530689586293e-02
5.572469638075119858e-02
5.616106486876128179e-02
5.596512282213454703e-02
5.597901297214247229e-02
5.621638539644704252e-02
5.678760378451311319e-02
5.586751183476323240e-02
5.592115139401065277e-02
5.595237097689815392e-02
5.624643019142054612e-02
5.558773373930430556e-02
5.592262542233847333e-02
5.605697883942153958e-02
5.610382379185974849e-02
5.608709955975312716e-02
5.621680725039850807e-02
5.616331237830972378e-02
5.563487722432568228e-02
5.577470659310712620e-02
5.583128135700431149e-02
5.599646093197795799e-02
5.628598064914625693e-02
5.601671586406496706e-02
5.580572019958708607e-02
5.605908828376407471e-02
5.605995769088438496e-02
5.588117050240921924e-02
5.560907583728472159e-02
5.548819744264497228e-02
5.593523061154771076e-02
5.559862858772047361e-02
5.554987352867948869e-02
5.555962855649525245e-02
5.584632367431444089e-02
5.564945797601786315e-02
5.538332516242402970e-02
5.588235223959928111e-02
5.597419880800347247e-02
5.550236472200929111e-02
5.567850606343296288e-02
5.560130227487466992e-02
5.565405942875174122e-02
5.591790595914396256e-02
5.572236158408457735e-02
5.576649449834124306e-02
5.574311691401925839e-02
5.570046484125869279e-02
5.554891889813606126e-02
5.584099992353603464e-02
5.576633248992171610e-02
5.573743687170891470e-02
5.574644299909710388e-02
5.565728620566218199e-02
5.558876690419178174e-02
5.580957828200278775e-02
5.563291328807838665e-02
5.561814555493517498e-02
5.563346040842909179e-02
5.567749993210064502e-02
5.555181497813213576e-02
5.575535210748290560e-02
5.551734726932255198e-02
5.586819515982691803e-02
5.567583517658385855e-02
5.559378684206173898e-02
5.561197917083618436e-02
5.537315081323519739e-02
5.532784644694252463e-02
5.552992260957877180e-02
5.604036543455588604e-02
5.583118605858335831e-02
5.556754739137885479e-02
5.577860148005076707e-02
5.589228092750238297e-02
5.587884916702189758e-02
5.614222126578559402e-02
5.594091433775230660e-02
5.596954601037103932e-02
5.572240216621356101e-02
5.557942955437626675e-02
5.581708989987643754e-02
5.597517890752776171e-02
5.583503878843039392e-02
5.600730690866714823e-02
5.585729332678540660e-02
5.587575624772121025e-02
5.592634221519068860e-02
5.569245430095372262e-02
5.583535387145552309e-02
5.611623879544465343e-02
5.604006824602952852e-02
5.563964584297747401e-02
5.593839776698526778e-02
5.590243856793229715e-02
5.573180646656921561e-02
5.530459966155956697e-02
5.569799732551009713e-02
5.551169652914815511e-02
5.553029944338427198e-02
5.556899068247189710e-02
5.568746086091596464e-02
5.562913988936860066e-02
5.561353729881247931e-02
5.564844976125438158e-02
5.572168959139660316e-02
5.549400642115770443e-02
5.542341230441948791e-02
5.566062979445519227e-02
5.576194236311075858e-02
5.555715018256585092e-02
5.560881799997013930e-02
5.554837970994551399e-02
5.553177200233461869e-02
5.582214417676961693e-02
5.549564062030613865e-02
5.567380953164001445e-02
5.555683639763734499e-02
5.547121166390468761e-02
5.554650369233660179e-02
5.618865251780199438e-02
5.568688329195389808e-02
5.531632681030607124e-02
5.539562334300236757e-02
5.567283132016909164e-02
5.549435642851724415e-02
5.567318732600608222e-02
5.554243347748946680e-02
5.537647270379691955e-02
5.559243772838819153e-02
5.588387336080587880e-02
5.537615837327569679e-02
5.558765796784777280e-02
5.573760185430158554e-02
5.584328362389817668e-02
5.557302435418595005e-02
5.568831623517178642e-02
5.570779394779014349e-02
5.592730320970551450e-02
5.568272822228395591e-02
5.542791114858132417e-02
5.584741342793490826e-02
5.551201324540024074e-02
5.533732459383525898e-02
5.561870406521600418e-02
5.535193984643252407e-02
5.578838396075472272e-02
5.548219212015630120e-02
5.565037407309300632e-02
5.578701879494200877e-02
5.545081109807917935e-02
5.537409494667910881e-02
5.562119153601213783e-02
5.579460757255151615e-02
5.557204609802451900e-02
5.570675252219456364e-02
5.584788372780552512e-02
5.597903106424199915e-02
5.598996646689391454e-02
5.587698058682543517e-02
5.561466474862966636e-02
5.564432883730510010e-02
5.558020627163592908e-02
5.552509661953425324e-02
5.540492279152034460e-02
5.592747492540958709e-02
5.574300813042139258e-02
5.546766883193314512e-02
5.555392674986972534e-02
5.548795235445144747e-02
5.556233779578689108e-02
5.525995055923620114e-02
5.568336640143844996e-02
5.554902759298889492e-02
5.537412529097397729e-02
5.534526171757454815e-02
5.524828712719712098e-02
5.594057624282489788e-02
5.551062463108489414e-02
5.531766455349849260e-02
5.520219838553613867e-02
5.553009468495263834e-02
5.547010977861767389e-02
5.562676300261808898e-02
5.555245335488723235e-02
5.585855979640501345e-02
5.585378164861586059e-02
5.565931167860269785e-02
5.554544097481665943e-02
5.567244700136654567e-02
5.530508695722900075e-02
5.577678740254939788e-02
5.532966677018023860e-02
5.556931093708528113e-02
5.541247429025655813e-02
5.542989842950468704e-02
5.549129263850989535e-02
5.567668728382968446e-02
5.531153221111317908e-02
5.561170626196489108e-02
5.534972373419397296e-02
5.544178021931012862e-02
5.575133496027832869e-02
5.551641391278844956e-02
5.576898038583215367e-02
5.525475318588383977e-02
5.546498692781658135e-02
5.546691787755873848e-02
5.540528866223464605e-02
5.516039128215312337e-02
5.552466626259904003e-02
5.507599464342413653e-02
5.551529585496199626e-02
5.527612817295352032e-02
5.525848905351862794e-02
5.535002226215106347e-02
5.514586806016755216e-02
5.540114522447413259e-02
5.545733291117400932e-02
5.532919322561276332e-02
5.549954350068297959e-02
5.523324844550024648e-02
5.555929241919214251e-02
5.544820524842914572e-02
5.578683734949825557e-02
5.533667221241520690e-02
5.524764948004938503e-02
5.544575928961266442e-02
5.555728875257586602e-02
5.532267625836283231e-02
5.563955013591294352e-02
5.563684173333221378e-02
5.525334678315603487e-02
5.540344587624125572e-02
5.538686339438879391e-02
5.528117795716792210e-02
5.527040671058162935e-02
5.550067314138207308e-02
5.555930441757820498e-02
5.543486547227272077e-02
5.568553107623432086e-02
5.542183558020630924e-02
5.540113735496231262e-02
5.553433591036089495e-02
5.553126541017999740e-02
5.558553661602656792e-02
5.572024419213211788e-02
5.522692372025331253e-02
5.541652945550837317e-02
5.546206808257619914e-02
5.556034451854213740e-02
5.563439045705445563e-02
5.544025325180315655e-02
5.558353016027197530e-02
5.545099490198632242e-02
5.552264580582966930e-02
5.589138520688505252e-02
5.556930742855710481e-02
5.573983001370222401e-02
5.560571399132795134e-02
5.573397777913904200e-02
5.510513112790589585e-02
5.544131722803355422e-02
5.540409816862258002e-02
5.555172965114392458e-02
5.551365929168364244e-02
5.537010503639398090e-02
5.528559006146803456e-02
5.496991369313425357e-02
5.559810404601656098e-02
5.527730241452618459e-02
5.520646744811169571e-02
5.546207826399246477e-02
5.537660929573280655e-02
5.552517709620684305e-02
5.570219488528024843e-02
5.626953941170136780e-02
5.485012133307670679e-02
5.530835218212261373e-02
5.568250317927554011e-02
5.543697297355251741e-02
5.527769958655547045e-02
5.484904213429456221e-02
5.513563378789532177e-02
5.470388321240710061e-02
5.597001931927084173e-02
5.508478481326273268e-02
5.547103245769302582e-02
5.531276777023615143e-02
5.533137477565062273e-02
5.556874992120706264e-02
5.547861907279985627e-02
5.534567265080209131e-02
5.533634825649132866e-02
5.570412149155749837e-02
5.585728831938757688e-02
5.535776290983465686e-02
5.528882446888587487e-02
5.544793984028220657e-02
5.551958700439668659e-02
5.551911651741488207e-02
5.531688561572122020e-02
5.539357642497898249e-02
5.534188389589176499e-02
5.547962539229241152e-02
5.567980486830165915e-02
5.524442152398315042e-02
5.550140240004285130e-02
5.537219970192911594e-02
5.551631170625204864e-02
5.553590749177474140e-02
5.532813434402564234e-02
5.564906433559826948e-02
5.543636391693171350e-02
5.539947688337709675e-02
5.569747347560683598e-02
5.514927876210126700e-02
5.528540667627315774e-02
5.531072222664887295e-02
5.535750836448229129e-02
5.509990858873506370e-02
5.553469135016338154e-02
5.562537399381216330e-02
5.488057444166244414e-02
5.551165978665440620e-02
5.528980159076862105e-02
5.534109455597370497e-02
5.551139156483012038e-02
5.574265370226273025e-02
5.530997771994304590e-02
5.516743988026895362e-02
5.493012123052036511e-02
5.527978321412398144e-02
5.542039005168339361e-02
5.523014883441436373e-02
5.520301073053308222e-02
5.504404661737898052e-02
5.533183377938742653e-02
5.542111562050613949e-02
5.540846456307042117e-02
5.554596579209852836e-02
5.539768006065051709e-02
5.560838673247729680e-02
5.531319576242757496e-02
5.530714365383927050e-02
5.558051635675385210e-02
5.544197863238066459e-02
5.605189694858671301e-02
5.581421858700695571e-02
5.535009781870545154e-02
5.555054724243498054e-02
5.516776929235016336e-02
5.532735703250143966e-02
5.536092280056234549e-02
5.568466099647601669e-02
5.516150387584752013e-02
5.535017719393948987e-02
5.518957620110996609e-02
5.593082708070255121e-02
5.543508723805547211e-02
5.590369586096424065e-02
5.519288792836971047e-02
5.524215422937778230e-02
5.539787791966740288e-02
5.593390275840957881e-02
5.566970154792074549e-02
5.550967500235368807e-02
5.519719804910648564e-02
5.524413391975401683e-02
5.535126141190296889e-02
5.547064017092942501e-02
5.526196588395905496e-02
5.501602391320178920e-02
5.516322177415027006e-02
5.551803441755124441e-02
5.547147782660628856e-02
5.570195462764809119e-02
5.535603563648083120e-02
5.522241728963177276e-02
5.515027230357176513e-02
5.555716346317620541e-02
5.528270870473055154e-02
5.558892087210787203e-02
5.530790570282267948e-02
5.528294678229411785e-02
5.538504710022587596e-02
5.546917605239366778e-02
5.550044404647858087e-02
5.515133171646980498e-02
5.526139535670392122e-02
5.514334641274779014e-02
5.511452289029666884e-02
5.558365357830973019e-02
5.540958043444610404e-02
5.561940599434572058e-02
5.539472981521361555e-02
5.558111239752250299e-02
5.528526591513494015e-02
5.528812575371907373e-02
5.559077465192696632e-02
5.546795729507109085e-02
5.529633488241438022e-02
5.596992366098992727e-02
5.539512017766644314e-02
5.561432204280716135e-02
5.542099512204558265e-02
5.549397624841022336e-02
5.535974802448458826e-02
5.493817130082696842e-02
5.498684227618048925e-02
5.559494657868924161e-02
5.561638161064216129e-02
5.563053155002105343e-02
5.557150185631760941e-02
5.544651172515673021e-02
5.543324304008841186e-02
5.564766965982537172e-02
5.537922440584593098e-02
5.548545679107538819e-02
5.542648345505504087e-02
5.577755883597186604e-02
5.546237415209610139e-02
5.568628514629681003e-02
5.530043572930024021e-02
5.552607606163004195e-02
5.544501672765950184e-02
5.543430418206943960e-02
5.572515473874407876e-02
5.505936952715304727e-02
5.535990503411791774e-02
5.581110742890331433e-02
5.519766941927561898e-02
5.533963702046877653e-02
5.524788631923922139e-02
5.592652964374043856e-02
5.555124356039908146e-02
5.526013214946967622e-02
5.541660260133493554e-02
5.545460832465952394e-02
5.539567431176474488e-02
5.507672451258990853e-02
5.541699611499212308e-02
5.554111064519440949e-02
5.570705789023613907e-02
5.546480688302952988e-02
5.514219046546789404e-02
5.537718469814969374e-02
5.544760585608739939e-02
5.544837574399204272e-02
5.522739877874847936e-02
5.504441548470081352e-02
5.540646385405392782e-02
5.542237728879383096e-02
5.520970797883441999e-02
5.531911064015124224e-02
5.445174978143130229e-02
5.513456674869331858e-02
5.545504253452460119e-02
5.529657683214696251e-02
5.560870003484534585e-02
5.533946245668387720e-02
5.522995394764661226e-02
5.493647683441266194e-02
5.543412835355965296e-02
5.492016813927011465e-02
5.531150823558743379e-02
5.533520609174003013e-02
5.526548969193240818e-02
5.574821902525542439e-02
5.534273517236325268e-02
5.508874278285358361e-02
5.531270211023088523e-02
5.502770353038861223e-02
5.538831571715953361e-02
5.517503512807736543e-02
5.520702358838044943e-02
5.561889175877565705e-02
5.511433905426630503e-02
5.513612569734030466e-02
5.522173303730069926e-02
5.535096378134038431e-02
5.525738493458853817e-02
5.570466803591943294e-02
5.513318049716778302e-02
5.527366947854775447e-02
5.549757615663071519e-02
5.577277641081405946e-02
5.545903891983287870e-02
5.542767672768934839e-02
5.578140298483418025e-02
5.567573356241932447e-02
5.543252967093111050e-02
5.545605910191692828e-02
5.538169675599957653e-02
5.545080202906717270e-02
5.539813118821591831e-02
5.541809479638448721e-02
5.522075665974263831e-02
5.524083001115966118e-02
5.569300018904977528e-02
5.514825227403611502e-02
5.516390485988985348e-02
5.531533929201783162e-02
5.555555334672900025e-02
5.566684621461583105e-02
5.529118732134496311e-02
5.540909431246800187e-02
5.564962870824660679e-02
5.535230974488583588e-02
5.550040335892917481e-02
5.554842899645676124e-02
5.545174246689489606e-02
5.556754920877669812e-02
5.571797348406554162e-02
5.547093379337468544e-02
5.520379424614972608e-02
5.558550848664144117e-02
5.524750962980880947e-02
5.527090874707679680e-02
5.502729930435144162e-02
5.532714406846764299e-02
5.572529317914896863e-02
5.588316162911237395e-02
5.524247896855818962e-02
5.558014434116340802e-02
5.525665187201517226e-02
5.569728287851331838e-02
5.538909946912925347e-02
5.561248276437728150e-02
5.582585276810719116e-02
5.565065437547406929e-02
5.550569564973321240e-02
5.553559638225546297e-02
5.537890513257936326e-02
5.538702008176707436e-02
5.572928407386189970e-02
5.542093261633505852e-02
5.544138399734028361e-02
5.507146507658530060e-02
5.567836976196825771e-02
5.580073701021845411e-02
5.580887523973288022e-02
5.528185405333412017e-02
5.547982960325543306e-02
5.595529761259825097e-02
5.560351623622176304e-02
5.558578776842382219e-02
5.586702283165802252e-02
5.584974418258059625e-02
5.549997103643701524e-02
5.570273540803208356e-02
5.617608294660262486e-02
5.589594218995606878e-02
5.555476322883400042e-02
5.594408312569847802e-02
5.589125990895133650e-02
5.562612432600004542e-02
5.548301225075918941e-02
5.568946836349822349e-02
5.610642772524879890e-02
5.561799336527843696e-02
5.630188087137966146e-02
5.594805078386173858e-02
5.535349199077733984e-02
5.586904650662898042e-02
5.565849950822281123e-02
5.575409805911756694e-02
5.571708805015462146e-02
5.618235313715895518e-02
5.598247853132201635e-02
5.534683565459780352e-02
5.552264154578420707e-02
5.593989291100775335e-02
5.564084745380276642e-02
5.572275592795652988e-02
5.587092522430228692e-02
5.550357525847726681e-02
5.590892996138202564e-02
5.555818933874266674e-02
5.608466919265522876e-02
5.598511674538412392e-02
5.572563011975199820e-02
5.645257878402856061e-02
5.572557341971511036e-02
5.583802152446908779e-02
5.506383960237778985e-02
5.572976536320305846e-02
5.581281000366904860e-02
5.573026388369720779e-02
5.580706862983414451e-02
5.592261680134795465e-02
5.573871273834734436e-02
5.538998269414278225e-02
5.578647104229723930e-02
5.610489363989387690e-02
5.570832287456238541e-02
5.537574226883772155e-02
5.605785476853639149e-02
5.591805357508364271e-02
5.549465411196054243e-02
5.577979024951096321e-02
5.554211765283555147e-02
5.584674160640716589e-02
5.570009850896094628e-02
5.579656656919876334e-02
5.563391780705397027e-02
5.591038358603665770e-02
5.592308483804658836e-02
5.592329142012111842e-02
5.566828677500340605e-02
5.576325663089765072e-02
5.574473056882390393e-02
5.552929724714199961e-02
5.567473047289243221e-02
5.546094289721461429e-02
5.563637928614648120e-02
5.547722614063032437e-02
5.574353631557767835e-02
5.579630459659715852e-02
5.575414217757963808e-02
5.588760250824204717e-02
5.585660970996955688e-02
5.570169440741094824e-02
5.566765974951597140e-02
5.613420227345788938e-02
5.568240338013100144e-02
5.611699068492036202e-02
5.578295726621931849e-02
5.602617953085198277e-02
5.597633435574335403e-02
5.587119839881986294e-02
5.592571296857734575e-02
5.589740182610430930e-02
5.573402689485636163e-02
5.595405097002000006e-02
5.562616714558496489e-02
5.591207862992618460e-02
5.623937411954158666e-02
5.594188254144352723e-02
5.600774891500966135e-02
5.618975136008046850e-02
5.580180536389497958e-02
5.585332272324591840e-02
5.556731292684215229e-02
5.579850659401479340e-02
5.560672228672249029e-02
5.544015693570598924e-02
5.594542558599337884e-02
5.614861778305054590e-02
5.592023438720173517e-02
5.586243560129233038e-02
5.572308367222741227e-02
5.583214947281065627e-02
5.588986949817405236e-02
5.569788706359798253e-02
5.572998230635746453e-02
5.586943391402048043e-02
5.572406635193303398e-02
5.604371701332788031e-02
5.567261577561694041e-02
5.602196945315339460e-02
5.603124916273823780e-02
5.586948124988418141e-02
5.600194691216468790e-02
5.615734444295766153e-02
5.558427734301162049e-02
5.583017504916899798e-02
5.576665520983735413e-02
5.575153637437149645e-02
5.589907030273830180e-02
5.598634678473640713e-02
5.588434147224363019e-02
5.580350492836561038e-02
5.583969656056661512e-02
5.587744275093678437e-02
5.568233525857924082e-02
5.585338439470043104e-02
5.570556060870196502e-02
5.602816813302304022e-02
5.577186119496180261e-02
5.558979276934770952e-02
5.580773691796804548e-02
5.592095019957966928e-02
5.576928858535244032e-02
5.568403958387689590e-02
5.598181425981572923e-02
5.643202102522328067e-02
5.593473456069700256e-02
5.616498829517428681e-02
5.606722971237354525e-02
5.613838669947626703e-02
5.621458274905617725e-02
5.627960967384766644e-02
5.585875869368001068e-02
5.597424403792048558e-02
5.632680754721694494e-02
5.584008261609379326e-02
5.649693196975592857e-02
5.639953122339030206e-02
5.613999445701085139e-02
5.590763576136659890e-02
5.583353948105870823e-02
5.632977801965069475e-02
5.594246575596183157e-02
5.590132388153379317e-02
5.569330910674722551e-02
5.561387380904871114e-02
5.566089207792904170e-02
5.591084664856371678e-02
5.603986121351339084e-02
5.577522859941608235e-02
5.571842741720120507e-02
5.569251384681631056e-02
5.574513271095327127e-02
5.559922794070673580e-02
5.551115805050735319e-02
5.590493186420003591e-02
5.560006909022470467e-02
5.592940667755837841e-02
5.587387155824706519e-02
5.587284313382054335e-02
5.570285941777434330e-02
5.545396859842373349e-02
5.593596089274206068e-02
5.555515183223469489e-02
5.591523798604242090e-02
5.578916198856642000e-02
5.572984142586618478e-02
5.576926677131795185e-02
5.571306471429426227e-02
5.572788945436871200e-02
5.582777196197044600e-02
5.561918944300599243e-02
5.588069645967445875e-02
5.615344771892598341e-02
5.605984935329294538e-02
5.576810978218638137e-02
5.580685828645123164e-02
5.602389879122385286e-02
5.592326422984962575e-02
5.581335496031816779e-02
5.551262264740807612e-02
5.591738385887459750e-02
5.598249595059384687e-02
5.585506248308125948e-02
5.578504683349538168e-02
5.570671872871277297e-02
5.681865799516382098e-02
5.688929664033673395e-02
5.745616470791067160e-02
5.696125061183444915e-02
5.749185834131008421e-02
5.750932047791042223e-02
5.630689642135112277e-02
5.729863850423969757e-02
5.673839374213325570e-02
5.595375978566673181e-02
5.654012899284574512e-02
5.644227368489329599e-02
5.657398144086692171e-02
5.645427132451850266e-02
5.643904717087153133e-02
5.686256190542729461e-02
5.710210648038790276e-02
5.772479955666655338e-02
5.661926077541352270e-02
5.643590568485443160e-02
5.733360532287931632e-02
5.672983915540917577e-02
5.644892635682055571e-02
5.640625006885323367e-02
5.662660432506800429e-02
5.648592116335614949e-02
5.657033837451795610e-02
5.627741655844327451e-02
5.668459643015689997e-02
5.672512835077586635e-02
5.646409070224151644e-02
5.646383288027539277e-02
5.634517653992509451e-02
5.680652747626686178e-02
5.631652808940731253e-02
5.654761165797572708e-02
5.619104271682975188e-02
5.614561130484663209e-02
5.606442865895629180e-02
5.648172670843180226e-02
5.639856845613108738e-02
5.649820376933793742e-02
5.651788155513147449e-02
5.661790869977736951e-02
5.627301774179437055e-02
5.604205380132977476e-02
5.631755496208333545e-02
5.625432460644393118e-02
5.650641000151163107e-02
5.631513981803001195e-02
5.607018615117312366e-02
5.657420103785096299e-02
5.687430045009288920e-02
5.655083929300247503e-02
5.659988453512242168e-02
5.613095230513408251e-02
5.587306518546670403e-02
5.631151728756761399e-02
5.684613051722760269e-02
5.639873648022698804e-02
5.637279290711708080e-02
5.660551624718521135e-02
5.660426652385955326e-02
5.627290443624777261e-02
5.641168424545223853e-02
5.625524114460994651e-02
5.598198428615538957e-02
5.616643503362492990e-02
5.666090181132330678e-02
5.625937672953053303e-02
5.648238855681236154e-02
5.621198053205748307e-02
5.645772730592911459e-02
5.650973100990518139e-02
5.625914916786670106e-02
5.638432726786778149e-02
5.661670885338781350e-02
5.660006710784341866e-02
5.618139935321343759e-02
5.610448571760104364e-02
5.665701631474637234e-02
5.632693421240824588e-02
5.607494433584057220e-02
5.632874893601094030e-02
5.637014950441018857e-02
5.622539217451361093e-02
5.637323006457085200e-02
5.625243172504541811e-02
5.645378669770617641e-02
5.625993099705792200e-02
5.622233184742726764e-02
5.642427845295090033e-02
5.629528788353896362e-02
5.635603363316841335e-02
5.611304726792515352e-02
5.639033845442333048e-02
5.645237935612593128e-02
5.639504663621160152e-02
5.638223151887757079e-02
5.622308892659998170e-02
5.620087325871434003e-02
5.628135314397159084e-02
5.620226113676725366e-02
5.654199154248082393e-02
5.636238464808160376e-02
5.637591021893722382e-02
5.653087874887428865e-02
5.637985411535954144e-02
5.658304873621039510e-02
5.614176264216905882e-02
5.639540982089608079e-02
5.696223148536408432e-02
5.638314821171989261e-02
5.652070001975156854e-02
5.666661122151989138e-02
5.660494739266865721e-02
5.632027205263853697e-02
5.635649616547881713e-02
5.665559000962490377e-02
5.619687909689473349e-02
5.672738399923980129e-02
5.623761632136811683e-02
5.612657517351232056e-02
5.646026543064672221e-02
5.644963466460726359e-02
5.644998620589852800e-02
5.649789412617120532e-02
5.657179685849772488e-02
5.635263534043273570e-02
5.657587525501954484e-02
5.612253915549904326e-02
5.629386978337580505e-02
5.613161114007005070e-02
5.629837993550473874e-02
5.661396912016309485e-02
5.661649156869571348e-02
5.654976332538819150e-02
5.658145432347866377e-02
5.650691075503407046e-02
5.673713210981255056e-02
5.666488856524160012e-02
5.660315137928138146e-02
5.660925321578982178e-02
5.670084870142773348e-02
5.658892722804885478e-02
5.661425643223715054e-02
5.648435026513898283e-02
5.685673611460433791e-02
5.655782113414824230e-02
5.646361903374391006e-02
5.659072197981120794e-02
5.646629354675926360e-02
5.623922030426958818e-02
5.651157215046445637e-02
5.680408266235163761e-02
5.677574715026480895e-02
5.663216205096237299e-02
5.643561218683486314e-02
5.686127460441113557e-02
5.653082991309715116e-02
5.723523481052536499e-02
5.664090863431880951e-02
5.672207451041975240e-02
5.701567449158428946e-02
5.667124618578393835e-02
5.695655234605299932e-02
5.718586985279250356e-02
5.690896111618693604e-02
5.657680962315302098e-02
5.654353601062222373e-02
5.685469462727209267e-02
5.691836563479561045e-02
5.725704334679442703e-02
5.665495318598651187e-02
5.659622778972667190e-02
5.656119060856380082e-02
5.703160230002731618e-02
5.714638753951978289e-02
5.707719431008004968e-02
5.686816699884894577e-02
5.671584276038722089e-02
5.664324476452473056e-02
5.702154663001632318e-02
5.663974171014445058e-02
5.718265649761093000e-02
5.698815216510153686e-02
5.686637976883668344e-02
5.715356497588741647e-02
5.679903078565798347e-02
5.690137071957627329e-02
5.735682174274386869e-02
5.691605481717515458e-02
5.689535762127614915e-02
5.639624032479377547e-02
5.692557323909767236e-02
5.657513848728442513e-02
5.635751768431179753e-02
5.663379540855947858e-02
5.683953773859938552e-02
5.685443969922725910e-02
5.700133113829532194e-02
5.709908889009202015e-02
5.707994080258158021e-02
5.678572996521148719e-02
5.713587364878590369e-02
5.636114717784927730e-02
5.671129678405333052e-02
5.603890776500859705e-02
5.645450272762128630e-02
5.686728212053764747e-02
5.615483966005122007e-02
5.644464949300863343e-02
5.661151484256835703e-02
5.614712190040902634e-02
5.696359363848937929e-02
5.660765834426302601e-02
5.676281421693232798e-02
5.646867125580078139e-02
5.670054776211605474e-02
5.635809530478690793e-02
5.623991313185909557e-02
5.603826525344147297e-02
5.634689648212169721e-02
5.631940354071923033e-02
5.652917866962587495e-02
5.641280676891828605e-02
5.623682199483760746e-02
5.676818236053962630e-02
5.619567012727551270e-02
5.639470104411189316e-02
5.683885232933737208e-02
5.587453303815749506e-02
5.645842534396974810e-02
5.670160679003254101e-02
5.647591688037315039e-02
5.659892166617852549e-02
5.636480658713403924e-02
5.640419721749268672e-02
5.656202360729237211e-02
5.662101427146994104e-02
5.655730415042019288e-02
5.617837063503999806e-02
5.657383652489689913e-02
5.635454786257602239e-02
5.665767917977060364e-02
5.643927173512062329e-02
5.646974197516527877e-02
5.644084002812134460e-02
5.623119228306651396e-02
5.642965445845664341e-02
5.645708071500202263e-02
5.672063421704448549e-02
5.669401764518326725e-02
5.683665920663135557e-02
5.654635100316286744e-02
5.664388341234111168e-02
5.638873522550026662e-02
5.654044264681584719e-02
5.649770645672541614e-02
5.649764494820209981e-02
5.622283928960845195e-02
5.654429137407444156e-02
5.649743926488295931e-02
5.638456834129083883e-02
5.623300737276993450e-02
5.619340753805583677e-02
5.645951665200478475e-02
5.603947891898801437e-02
5.631516583848907714e-02
5.625251110689848122e-02
5.627319576544317220e-02
5.649815078410863611e-02
5.604390792024774304e-02
5.636768371722662707e-02
5.645053091630869435e-02
5.644551143651782565e-02
5.642363395548878613e-02
5.621230671235808579e-02
5.625503511339735585e-02
5.630200842270330353e-02
5.615917515729034609e-02
5.604120600639952293e-02
5.601737886974161168e-02
5.649949043590318798e-02
5.656612050981154466e-02
5.638645222947667041e-02
5.634271733808282612e-02
5.645236511358252968e-02
5.631541932859440713e-02
5.652246012960001481e-02
5.617044003530338031e-02
5.651724940899391370e-02
5.623085655946748890e-02
5.669832973399557136e-02
5.660486333947700732e-02
5.641936314282647302e-02
5.639855300656403114e-02
5.651955504130216218e-02
5.657055366003156671e-02
5.645728524032503359e-02
5.627792327046327037e-02
5.614788818799345410e-02
5.638502621479798971e-02
5.634829707843472257e-02
5.634007529185890845e-02
5.661800866085450745e-02
5.651860139746400780e-02
5.623634543245570327e-02
5.627013036762731207e-02
5.654712171165418577e-02
5.627963436086402815e-02
5.661959159042311701e-02
5.642040672992409966e-02
5.634495765040842263e-02
5.672497390144668611e-02
5.672521701344195727e-02
5.647012964286903663e-02
5.610354544668096077e-02
5.640650543268533462e-02
5.658372982836200327e-02
5.632500503584915441e-02
5.621130742721927587e-02
5.654345271325675326e-02
5.641366841233697721e-02
5.617404811076483900e-02
5.632796950353545495e-02
5.611026773184064204e-02
5.685493724460352616e-02
5.669145951080823559e-02
5.635058095068100348e-02
5.627830885442046405e-02
5.638168473300973760e-02
5.649051482100476279e-02
5.678030418661690615e-02
5.646962832883976879e-02
5.682236560486920995e-02
5.631770304094084467e-02
5.682681743540963365e-02
5.652394341919184800e-02
5.627127946500128097e-02
5.665625803568068164e-02
5.666104512314480701e-02
5.651265112276682157e-02
5.624740056209776018e-02
5.636650186813725594e-02
5.611015119405149409e-02
5.666999896149723520e-02
5.633561076433456216e-02
5.638041084030528949e-02
5.593832921854513529e-02
5.616755317145423476e-02
5.622569877313891157e-02
5.659887850848019375e-02
5.623615970862735902e-02
5.604403220841658317e-02
5.642160968036042529e-02
5.611163555102165884e-02
5.632946157524668790e-02
5.616702226151530641e-02
5.626027464278003654e-02
5.591834680759413811e-02
5.598452196697233096e-02
5.591650217322945149e-02
5.651501432498465261e-02
5.654855448360159020e-02
5.624569166710924328e-02
5.607316661457557860e-02
5.669735353342233997e-02
5.639108409068800676e-02
5.638164409445856756e-02
5.657115576436524962e-02
5.635985554837058542e-02
5.619120368513044750e-02
5.629212290284911491e-02
5.633610890524091974e-02
5.633267392508643084e-02
5.597897594789269515e-02
5.638127685705036918e-02
5.647020028623137011e-02
5.621170659128518071e-02
5.660156998176639476e-02
5.653833447946223639e-02
5.629146030142986867e-02
5.668501341270623661e-02
5.664061815874182199e-02
5.647430990906913972e-02
5.623572818587793676e-02
5.643202541972792974e-02
5.627691671232798454e-02
5.664633016163000967e-02
5.631688668278414522e-02
5.635072915154257234e-02
5.618889152695941136e-02
5.655018032457506671e-02
5.659116404384988142e-02
5.625894533141104215e-02
5.613562423673028323e-02
5.607198998927443584e-02
5.683238335973754551e-02
5.654467397827871167e-02
5.620312795927904365e-02
5.635474125581951821e-02
5.635184830035423753e-02
5.628992724282146087e-02
5.570876437352739741e-02
5.645433235952493356e-02
5.617813481143879573e-02
5.603947317689556701e-02
5.632138270206811514e-02
5.676549643631997877e-02
5.610160696864671670e-02
5.609865197127475445e-02
5.635943590330142611e-02
5.645622306458340095e-02
5.617082498597290863e-02
5.638283398875799934e-02
5.638017751621055007e-02
5.528138110046552922e-02
5.530289346175133042e-02
5.530275434983849409e-02
5.543720136174860869e-02
5.558463336611088601e-02
5.550577665685544476e-02
5.518816973991329256e-02
5.522519829685602899e-02
5.533262995503823722e-02
5.528317710388132300e-02
5.524145884349987434e-02
5.546848740034558689e-02
5.552406290303336933e-02
5.514187681461384799e-02
5.544825543956487246e-02
5.518895025920803055e-02
5.561297781711765226e-02
5.551960869410259292e-02
5.518292757586661795e-02
5.562027107051657759e-02
5.549889458415242088e-02
5.548073348704629648e-02
5.577490278160257553e-02
5.516762285929908971e-02
5.557908048578751037e-02
5.538531418969640241e-02
5.527744514136102849e-02
5.548995992037272784e-02
5.563340596642432634e-02
5.560942940804546736e-02
5.518541136038075667e-02
5.582759595504226124e-02
5.533809745233042587e-02
5.518864982142962505e-02
5.553024055665103237e-02
5.573356371729915049e-02
5.550951967016454214e-02
5.532794195972545737e-02
5.556207478292845420e-02
5.496037693269918700e-02
5.558919573713203000e-02
5.531549637036957401e-02
5.522113170492502776e-02
5.563833502646267637e-02
5.552811444321289341e-02
5.560813734038844158e-02
5.545514542576024386e-02
5.550769788263919258e-02
5.543056897191256382e-02
5.553729802121728371e-02
5.557675828025310238e-02
5.520391690781994987e-02
5.531651159228846010e-02
5.509540103245035014e-02
5.536656447911406098e-02
5.553902945910563216e-02
5.537479232250432787e-02
5.549272687680033289e-02
5.548537551973882487e-02
5.526234423910268007e-02
5.587743095578268093e-02
5.561420527469891628e-02
5.526449349043115883e-02
5.536961898922419106e-02
5.563336180065572845e-02
5.552429274795903091e-02
5.560326920346558149e-02
5.556415366639444464e-02
5.527038779141210667e-02
5.555477971899278056e-02
5.534403314685930331e-02
5.569007447889395834e-02
5.563500351949234035e-02
5.532195161343667067e-02
5.573438152100588378e-02
5.559886840312923406e-02
5.547121861025568201e-02
5.519849102538454400e-02
5.531825712434491199e-02
5.550992341203724728e-02
5.549166151314612050e-02
5.554556354873189938e-02
5.531977999205876101e-02
5.539816725106546519e-02
5.568920254681852811e-02
5.553855787130193566e-02
5.534884428332989548e-02
5.565054884425862936e-02
5.575945436538023298e-02
5.569596826675655976e-02
