-9.266347611264791340e-01
-1.265765440883114934e+00
-4.926200061308918521e-01
2.871260587780852802e-01
-1.847254456697555725e-01
-4.417456694463908207e-01
-4.775429135552258231e-01
-4.551063136968878098e-01
3.565790245556854643e-01
-4.012237428105436265e-02
-1.415592288314655889e+00
-1.013879489844839554e+00
1.739992329676169902e+00
-1.256828163859609049e-01
-2.639174806063238066e-01
4.041272811773524154e-01
-4.528213037447130773e-01
-1.218940012604434742e+00
1.464345570828299969e+00
1.073052628416917287e-01
-2.472253098931105342e-01
1.086689670377381844e+00
1.100900324690883281e+00
-5.556915903216577135e-01
2.525136656331596896e-01
-7.313559734029695392e-02
2.182159964395395946e-01
3.087703597884683404e-01
1.770727164075651672e-01
1.073338579724804731e+00
-3.948786482033028733e-01
-1.361614769448351581e-01
-1.981799485147348605e-01
-1.688935237216355745e-01
-9.659564087996841408e-01
-6.341329554925323464e-02
-4.773696003285294864e-01
-5.996604487809236161e-01
-1.118430147227627458e+00
4.640600427628669422e-01
-5.536432716544368304e-01
-1.012748008070047945e+00
6.255806639092043042e-01
-7.890097055824298877e-01
-3.702323871038970537e-02
-1.195327091460058000e+00
-8.593184418168675620e-01
-9.807684206243720837e-01
-7.754281582529074512e-01
4.784945801147841848e-01
8.601756834541447461e-01
-4.059955628872558009e-01
-7.098375557688996196e-02
4.525683239768113708e+00
1.977078161649842514e+00
-4.764457152450631838e-01
3.634004445069876965e+00
9.648411672278598417e-01
6.078136412943422329e-01
1.136635585866315523e+00
7.055731000327796210e-01
5.257860356578021310e-01
9.375085575011326000e-01
-6.978088043688330799e-01
-4.049442201467172708e-01
2.267717060785798822e-01
1.725940947882918408e+00
-2.287087513941514771e-01
7.153332935267826542e-01
-1.315165457785042236e+00
-7.328399294638074934e-01
5.659513683604018297e-01
1.632374706859991420e-01
-1.041842027996608522e+00
-8.912544511476880871e-01
1.041174086461978732e+00
-5.703890047152526677e-02
-2.559606581089610700e-01
-3.131025173024681862e-01
-1.139569064253009856e-01
-4.342200939063332044e-01
2.692672136581677478e-01
-1.925604102139914175e+00
-2.228053243044996634e+00
4.733092963870149106e-01
-9.372251195636636112e-01
-1.882698590128711658e+00
-1.607930040521750925e+00
-1.378853639584121993e+00
-1.494164357292902423e+00
-8.478461105478345416e-01
-4.778042973448464181e-01
-2.091284527756215539e+00
-1.977272180800355272e+00
-1.854633879040193278e+00
-9.980561843003670219e-01
-1.890029688409413211e+00
-2.709873632873495808e+00
-3.643462810727214674e+00
-3.857174244149064180e-01
-1.268735316894890275e+00
-1.212968354211625410e+00
-2.595611453372839605e+00
-2.653010546713630902e+00
-1.157422169657365885e+00
-7.086352526384871453e-01
-1.090091526926698862e+00
-9.753077411660342477e-01
-6.403650396860030014e-01
-1.548206093320914079e+00
-1.917100914452021243e+00
4.828001165951718576e-01
-3.233072271832497790e-01
-1.602017515411716886e+00
-1.450161122786084889e+00
4.852735199892777018e-02
-1.709036510012083454e+00
-1.791444463269726839e-01
-2.034423548895574640e+00
-4.487454174741287716e-01
-1.393271271328558214e+00
2.159045007574604824e-01
-3.503521679838740965e+00
-2.728504299542692024e+00
-5.318189685785910115e-01
-2.308184351528325351e+00
-5.839448467595502734e-01
-1.706249798233329784e+00
-2.678948216816934291e+00
-6.322381307181785814e-01
7.484554983238922432e-01
-2.497671361496031750e+00
-2.173378965671872720e+00
-1.471023594454891281e+00
-1.662001286753366003e+00
1.101191024645231664e-02
2.143924769261502661e-01
-5.240741917368723080e-01
-9.998763420189789031e-01
-3.833107229402230587e-01
1.833976673879078589e-02
1.665051617237622850e-02
-1.578535035561799305e+00
-1.213074638202670030e+00
-4.615435263513063546e-01
3.692769322078675032e-01
-1.109118570013379212e+00
-6.710493385107838549e-01
-4.589421671444142703e-01
-1.024379470894928090e+00
-1.291300018605397781e+00
-2.217125032606418245e+00
-1.544301178753812565e+00
6.817033631159574725e-02
-1.985780648221407318e+00
-3.322848205909394892e+00
-1.526332032681239070e+00
-7.359459115687059239e-01
-1.474893245558632771e+00
-2.565478608026751317e+00
8.746556175137811806e-01
8.057089990034000948e-01
6.086765602594823577e-01
8.163677895972796250e-01
4.097419436329801101e-01
-9.615053634297510143e-01
-1.306251339592563454e+00
5.582590822814381681e-01
2.266529671396710910e-01
-7.821188915258971974e-01
-1.111173161716578761e+00
9.490931836953677703e-01
-9.658722200074407738e-01
-1.457562238374521257e+00
-8.836777986289234832e-02
-1.228597282282862579e+00
-5.712223861337406561e-02
-5.298941422479401808e-01
-3.906309357371355873e-01
-1.595181237833457999e+00
-1.105128449795302004e+00
2.836692366472561844e-01
-1.470159261378285009e+00
-3.783815726310422178e-01
-2.355204422692622757e+00
-2.823139877375069773e+00
-4.820769692560133990e-01
-3.724102694006433012e+00
-3.116953498371003661e+00
-5.246979352421476506e+00
-4.486170055130060064e+00
-3.346106501907343045e+00
-3.178510888435994275e+00
-5.081360258736822288e-01
-2.429062722800154006e+00
-1.928844419438974001e+00
-6.607171529794868547e-01
1.352276735949999420e+00
-3.969662528106709942e-03
-1.422585131396772340e+00
-3.714703482070035534e+00
-2.503676827014714945e+00
-3.092762824169767555e+00
-3.703585970750282286e+00
-3.598156406245834660e+00
-2.190022596543713007e+00
-2.924106597489299020e+00
-3.643358013785473304e+00
-4.457272897605434991e+00
-3.041433265425439458e+00
-2.886760939323721686e+00
-3.576975380237854552e+00
-3.315869099787960295e+00
-1.711780113884742605e+00
-2.791226245208235923e-01
-1.936722627651761286e-01
-2.639981930391513743e+00
-1.847444982297020033e+00
-1.657532170283957385e+00
-1.862686094980745111e+00
-2.653544197575683938e+00
-1.766865209599927766e+00
-2.233953767037746729e+00
-1.688642604982305784e+00
-9.072687492262048181e-01
-4.557803035168035422e-01
-1.646936235432804096e+00
-2.181347742753132479e+00
-1.299697701091645285e+00
-1.426680972897884203e+00
-4.124495954456506297e-01
-8.846135741187026724e-01
-7.229692320179310627e-01
-1.729774987819837406e+00
-1.624831429908226710e+00
-1.806027608941803919e+00
-1.207522466567752417e+00
-5.987963229927117936e-02
-2.182573729365685722e+00
-2.062535472305171425e+00
-1.459029948102397611e+00
-1.413732498655008385e+00
9.001764234853908420e-01
1.174334945488226367e+00
8.173265870282193646e-01
2.175075889597792411e+00
2.789915515531902201e-01
1.469593743968289346e-01
-4.298919853463303298e-01
9.840485454114968888e-01
-2.913400618162995670e-01
2.122685363174241502e-01
-6.285239328753959853e-01
-2.681596407517645275e+00
-1.416433359263464808e-01
-1.277919552576349815e+00
-1.344036443035292905e+00
-1.824860326949419687e+00
-1.242007755165104754e+00
5.447311981697566807e-02
-1.181280360320670297e+00
-8.551475346066581551e-01
1.471225559071172029e-01
-7.565845092649396975e-01
-9.220037049017264508e-01
-7.991177104740927462e-01
-7.362916113706887700e-01
-1.716945934989780653e+00
7.343052399301086552e-02
-1.864926972742978251e+00
-2.121648605643713381e-01
-8.471867704502074048e-01
-1.125306128215015633e+00
-5.618880137117230333e-01
7.466378292156150565e-02
5.051807303971145302e-02
-1.192672315177333076e+00
-3.115149963305157144e-01
-5.972404531094070990e-01
-5.173929906814009883e-01
1.144119234537356533e+00
-7.156976708938600495e-01
-1.257608032206917414e+00
-2.302347068769449834e+00
-1.735254027982591651e+00
-1.036155958681774791e+00
-3.372912906052079052e-01
-6.242516739439452067e-01
9.552209907014912460e-01
3.321540963734150864e-01
9.480606217766762711e-01
-1.134758492535183905e+00
1.954700447113282280e+00
-1.451510574323037872e+00
-1.315576246845012065e+00
3.447933316419948824e-02
2.574864763519144617e-01
-5.037193545613263268e-01
5.881417705495550763e-01
-1.280607538548792945e+00
-6.776351169464760460e-01
5.059742652374552563e-01
6.838649309429456480e-02
-8.226642068621004000e-02
6.258922839406295680e-01
-1.038405523922847351e+00
-6.814452766229806002e-01
9.602162847659201361e-02
1.985972686630702810e+00
9.995684349014481995e-01
-1.216246569161739899e+00
-1.697131698590965243e+00
-2.287466558147571050e+00
-2.157696639860660071e+00
-1.268782685274345567e+00
-1.663064876185671892e+00
-1.528869684309029253e+00
-2.492882868817105191e+00
-1.664176872320240363e+00
-1.440527712042239727e+00
-1.702901080323499627e+00
-1.132479149262508145e+00
-1.006123277671576943e+00
4.715772194649616722e-01
-9.512945599853992462e-01
-2.720974349955213256e+00
-3.179098980868729996e+00
-2.531210155662847683e+00
-2.593614027948206058e+00
-2.152902858266315889e+00
-1.602697419111791532e+00
-9.143923917436040938e-01
-1.543707161374186398e+00
-1.719684700303332647e+00
-3.112420491765078623e+00
-1.824440100830543088e+00
-2.495730107963026967e+00
-2.296412180603510933e+00
-3.152243360575084807e+00
-1.436034887443383923e+00
-1.483160887120902771e+00
-2.206649897234456148e+00
-4.004000912591436645e+00
-3.557636212295619771e+00
-3.736988143758935621e+00
-2.315044401271734387e+00
-1.027572463743126718e+00
-1.871454979533154983e+00
-3.370042814978660317e+00
-3.984884133267769357e+00
-3.630826327462273184e+00
-2.338923261730087688e+00
-3.392103945821872912e+00
-3.374068311641167384e+00
-2.432544522202078952e+00
-1.728442303832707694e+00
-2.018089006629452342e+00
-6.674221251887502149e-01
-1.376045644468831597e+00
-4.620074104932427872e-01
-2.525559202033036854e+00
-2.083228707684611436e+00
-1.808618149214453297e+00
-2.342475955269037513e+00
-2.886841391722555272e+00
-1.803630751088348916e+00
-1.666638189366494771e+00
-4.020624639779271092e-01
-1.276170264907705132e+00
-1.735185886231192853e+00
-2.125401297304051695e+00
-1.921598540429840796e+00
-1.754005044891528087e+00
-1.276480616383196320e+00
-1.746099701897037448e+00
-2.220122641610942082e+00
-2.489421719015808776e+00
-2.115933224908076227e+00
-1.817467919721821090e+00
-1.746077896666974993e+00
-1.988597013722028350e+00
-1.776083043489052216e+00
-7.956398824644566048e-01
-3.027989787464321125e+00
-2.569181140977889299e+00
-1.881089460697694449e+00
-1.818894022926542675e+00
-2.664490511597250588e+00
-2.121244729936734075e+00
-2.277199228570680134e+00
-3.846356892474432243e+00
-3.120589866204682039e+00
-1.507098664947989164e+00
-1.454280490510427626e+00
-2.527998316789307864e+00
-3.318898699602868874e+00
-3.245292323026660597e+00
-3.007593202681164257e+00
-2.780392508582735900e+00
-3.925956810857314849e+00
-2.924613051178312162e+00
-4.151416602868266637e+00
-4.119447884564578999e+00
-3.301028578262048541e+00
-3.673381887187133543e+00
-1.837960493263381068e+00
-1.892987607676332118e+00
-3.066768136479367968e+00
-2.481763714127737330e+00
-2.553617831941664917e+00
-3.774812527633912396e+00
-1.571638449902820867e+00
-2.735776785910275066e+00
-2.643201754330220865e+00
-2.362895623671647627e+00
-2.865527118992758915e+00
-2.534903542356914841e+00
-2.693128029844956473e+00
-3.644996528913907241e+00
-3.250177132234966848e+00
-2.401204647656413727e+00
-2.990292584916460328e+00
-1.240221972351719160e+00
-2.098146419408294605e+00
-2.257415111220325343e+00
-2.295746837673505070e+00
-2.819820859673200175e+00
-2.259561346705595497e+00
-2.081155187683179975e+00
-2.983571274337009527e+00
-2.917873217957094312e+00
-1.828305041071871528e+00
-1.330280827663955279e+00
-2.129131856469030026e+00
-2.948625632234325167e+00
-2.701993326943920692e+00
-3.774200356328947237e+00
-2.505771565985924099e+00
-2.407736943416239228e+00
-1.001521251502708765e+00
-2.329646404828963568e+00
-2.731652488724648720e+00
-3.927408093542908318e+00
-3.111106748816382606e+00
-2.813901709138008300e+00
-2.430814942636061460e+00
-3.142464243501308374e+00
-3.714300673382240348e+00
-3.136005189408024307e+00
-3.025177577688737074e+00
-2.507987002500158269e+00
-4.777787237740994897e+00
-4.424595725809922442e+00
-3.097753962967544794e+00
-3.082618181935686152e+00
-4.347399190857686335e+00
-5.081638418021611869e+00
-5.285664020382682793e+00
-3.549279272028798005e+00
-3.800417434707924258e+00
-4.069457535730180098e+00
-4.445898767378821503e+00
-3.478999359824229032e+00
-4.452367190177028533e+00
-1.582895654555613874e+00
-5.655346569255925715e-01
-1.579228690210584318e+00
-1.709729813570447732e+00
-2.173990777610015357e+00
-2.712497730761242565e+00
-1.604240668009879300e+00
-8.739991565016680397e-01
-1.998844576650299132e+00
-1.672500846361799631e+00
-2.779612674698000774e+00
-2.438984977754444117e+00
-1.742678219528897898e+00
-1.460862020157946972e+00
-2.262695841720415046e+00
-4.112907869239279535e-01
-2.487933882985089440e+00
-2.261891794376424514e+00
-2.556409669730783207e+00
-1.149176816976250848e+00
-1.775766052556718932e+00
-1.953841129361535423e+00
-1.497910400055843638e+00
-1.602408873546664836e+00
-1.096774864807230188e+00
-8.914649748439842369e-01
-2.179479729125887388e+00
-1.945960836128506344e-01
-2.130245887485216372e+00
-2.266560695505177137e+00
-2.496579552851471817e+00
-1.874059658028272679e+00
-1.168344844234525226e+00
-6.025088561691518407e-01
-1.267027541158313397e+00
-1.314791155760758556e+00
-1.682045707937504631e+00
-1.849861881237302441e+00
-1.364929238588956650e+00
-1.822398280284687644e+00
-1.088780120364390314e+00
-2.414124118960899068e+00
-2.189748650733235991e+00
-1.635993549472914310e+00
-1.811891276462120004e+00
-2.492278722038463457e+00
-2.719829637906514108e+00
-2.742373371627763845e+00
-2.458957769169501262e+00
-2.666805118551565101e+00
-1.455958173395629274e+00
-1.744929147411312442e+00
-2.747196393051126506e+00
-2.150629051120631630e+00
-2.796993197476695059e+00
-2.956199453445151448e+00
-1.830778830757481046e+00
-1.856058380464673974e+00
-1.559434892373246839e+00
-1.790684934938326478e+00
-1.965103047408774728e+00
-1.691895352934807306e+00
-2.925807514387997799e+00
-2.396884093275730265e+00
-1.407743628602474928e+00
-3.476814020177698694e-02
-7.276439772067533340e-01
-1.237459779011260252e+00
-3.111953602598077850e+00
-3.532984358513203915e+00
-3.282738229328970192e+00
-3.602757441902213031e+00
-3.995628244341787649e+00
-3.895425558119313791e+00
-3.232953745548002189e+00
-4.226536116239003604e+00
-3.661523918970488012e+00
-3.431668015487957746e+00
-4.463712546767055755e+00
-3.873030508828378515e+00
-4.796337438467162428e+00
-3.700343183787481394e+00
-3.374717072765633930e+00
-2.878987718519056216e+00
-4.246145683981012553e+00
-3.436032890422211494e+00
-4.192051282941974932e+00
-4.552193371055182070e+00
-4.842629065140499733e+00
-3.523943483567563817e+00
-3.991882355709094554e+00
-3.665244423329568235e+00
-4.949788929578062380e+00
-4.276387253903521923e+00
-5.092456740378111135e+00
-4.060767055547330528e+00
-2.990752122150297510e+00
-2.892403860074409749e+00
-4.089716616854275344e+00
-3.282349434084608220e+00
-3.944393170721014030e+00
-6.683246878470527008e+00
-7.659414196608850034e+00
-5.196561692726390902e+00
-5.979546883372677257e+00
-3.483644720221491298e+00
-4.738000460245530121e+00
-4.332561109695234336e+00
-5.146651856812241022e+00
-4.241012773054535501e+00
-5.016535384380404139e+00
-4.829379990591405658e+00
-4.306385981832136167e+00
-4.941401408916135551e+00
-4.967364069303584984e+00
-5.057714698854397284e+00
-5.888134008167980937e+00
-5.200391705508081941e+00
-5.211015776723797899e+00
-4.477317722918087384e+00
-5.832089803567214403e+00
-5.266425189001893159e+00
-4.996153380961914081e+00
-4.724346723709459184e+00
-4.397250927886489080e+00
-4.926769131205219310e+00
-4.555008916922815843e+00
-4.666410968005948234e+00
-5.169317971831333125e+00
-5.046083283796178875e+00
-4.705495237889408600e+00
-3.818831532302283449e+00
-4.160176587469322840e+00
-6.435499084327602759e+00
-4.752940281861810945e+00
-4.927414973222767003e+00
-5.606283305947727058e+00
-4.941386366965161869e+00
-3.930107889143982902e+00
-5.160754585325776134e+00
-4.624019746705016587e+00
-6.239893535966984928e+00
-4.985526509757619351e+00
-4.498857703954854514e+00
-4.618546277899440611e+00
-5.794746992021828191e+00
-5.238533192758040968e+00
-3.690486566356412368e+00
-5.925648446849663742e+00
-3.698688232572749257e+00
-4.508983012259704992e+00
-4.502875960995879723e+00
-4.952686322289082455e+00
-4.815269378388620680e+00
-6.049133676118799485e+00
-6.428513228616793640e+00
-3.556054405329632573e+00
-3.904624568011058727e+00
-4.014284284596215002e+00
-5.531228426676534582e+00
-5.468048601076588966e+00
-4.802143345343210967e+00
-4.206020461046136916e+00
-4.206937239727267297e+00
-3.989406673641497036e+00
-5.441494413778855233e+00
-4.056168446928495541e+00
-4.753469922237854917e+00
-4.773507907892053481e+00
-3.975925160932092695e+00
-3.346118494795518927e+00
-4.293773583896836499e+00
-2.954304191211122088e+00
-3.307968747532868292e+00
-3.841048937858431600e+00
-4.714470250928570749e+00
-4.706474770347995218e+00
-2.949758766397280851e+00
-2.875294839352136478e+00
-3.258466546085401205e+00
-4.628530842368490994e+00
-5.010761002828076016e+00
-2.523543922707176534e+00
-4.701963028586760629e+00
-1.664457571394450497e+00
-3.684061497064249124e+00
-3.529876695294660749e+00
-2.684195645288127707e+00
-2.290098591543937800e+00
-3.064956864604027942e+00
-2.926747996381891426e+00
-4.593454846279200865e+00
-2.203868946515285643e+00
-3.257162855825299630e+00
-1.747474119103571866e+00
-2.375652883776638191e+00
-1.526892088360909838e+00
-1.111580965851317160e+00
-8.896351906114432495e-01
-1.876205889806442428e+00
-2.284671981557039544e+00
-1.801066482534224633e+00
-2.545895488554378971e+00
-1.490818316942750243e+00
-2.391375578485167352e+00
-2.188831709398073144e+00
-3.981394592843571445e+00
-2.660138627368723974e+00
-3.809615100039081881e+00
-2.240347644921712345e+00
-5.233973332025925629e+00
-3.899739946722547757e+00
-3.886872281906107673e+00
-4.043275859861751087e+00
-4.493435716212843545e+00
-4.217951466482190881e+00
-4.310431759549828712e+00
-3.702173938083433313e+00
-3.100175551931897644e+00
-3.257845711326808669e+00
-4.161440738556848373e+00
-5.039326088346570032e+00
-5.566770931658538757e+00
-5.250194955951883458e+00
-4.121072043137246510e+00
-3.881801543917390518e+00
-2.945394528065662598e+00
-4.370156824137666263e+00
-4.195582427688350435e+00
-6.965109436470811488e+00
-3.325678801247704541e+00
-3.866932974106020993e+00
-2.405699990486027673e+00
-3.597592241712845862e+00
-4.417091705483471742e+00
-4.307404918487009127e+00
-4.358502317965758266e+00
-3.562538440957723651e+00
-4.651819769180292496e+00
-3.913150691070768517e+00
-3.809006269126257394e+00
-3.124727508005889831e+00
-4.236258757086034166e+00
-3.633901575911295367e+00
-5.062866875017789425e+00
-4.145738176906888839e+00
-4.820549712530919351e+00
-3.716506642897002166e+00
-2.766261083816061728e+00
-3.464125746548234019e+00
-4.171789471238298574e+00
-5.549254007626586827e+00
-6.455041158100357279e+00
-5.586285726654750761e+00
-5.410648979817779036e+00
-4.617574569125281414e+00
-5.083327697186177829e+00
-5.527963573469605763e+00
-5.372829920532240067e+00
-4.591932316430757055e+00
-5.821928881836356595e+00
-3.953555557411164045e+00
-3.475052107027295278e+00
-5.231791518217505654e+00
-5.429292945103952661e+00
-4.123625125972466776e+00
-1.701389248439227231e+00
-1.531597498924384126e+00
-2.642618001220398583e+00
-2.484020342308213003e+00
-2.843646882498433115e+00
-3.042641449796064990e+00
-3.575408322987641441e+00
-3.118696461719082436e+00
-1.819749946407682728e+00
-2.805550867309648311e+00
-1.759537194411677774e+00
-3.076826437893032562e+00
-3.566904239891300676e+00
-2.967596146594587481e+00
-4.214473769294272643e+00
-3.808513068997854134e+00
-2.933858559270447586e+00
-4.104742475974489935e+00
-3.812386969246290391e+00
-2.931594529927679105e+00
-2.905003538402525010e+00
-3.519062337370996829e+00
-5.861454519326798618e+00
-3.896901870273723034e+00
-2.907520439439394977e+00
-3.115703614337689942e+00
-2.836098001247592038e+00
-1.889845221623545513e+00
-2.724896012481622165e+00
-1.599600957008078694e+00
-2.554131702119775582e+00
-3.069455732558708405e+00
-4.438154577412205981e+00
-3.381122541464719689e+00
-1.755799904261948541e+00
-2.929206396456720540e+00
-3.881622572916967329e+00
-4.813117767102085054e+00
-3.693484472561976872e+00
-2.926332389357412467e+00
-2.594772995962557616e+00
-3.036183759544655913e+00
-1.964698073246836429e+00
-1.931353486288571730e+00
-1.203190884254581761e+00
-7.478431468880444299e-01
-3.235505557669966947e+00
-2.861015542108361842e+00
-3.333194828417617828e+00
-2.206409538197476650e+00
-8.893729878400336020e-01
-1.739851868740515783e+00
-2.978325408417731524e+00
-3.438830425104242750e+00
-1.859547576139448211e+00
-1.273577465824928368e+00
-3.202898302202811465e+00
-4.340927510103938403e+00
-3.549987089816568187e+00
-2.540919123362982646e+00
-2.097112535982887493e+00
-1.707392434676876292e+00
-4.386128355341497809e+00
-4.316784952276066178e+00
-3.718507456705992809e+00
-3.005611643795418786e+00
-3.617758299438719405e+00
-5.171147710610966897e+00
-5.075090762507898035e+00
-3.020518664423434529e+00
-3.949251150810596300e+00
-1.987403672508662567e+00
-3.534617124398209853e+00
-5.226621451758546755e+00
-5.067472148231900064e+00
-4.002445256657665595e+00
-3.047088908959267428e+00
-4.447631489736522781e+00
-3.399069140476058237e+00
-3.907871204650291475e+00
-2.823975867788249161e+00
-4.107525428229564568e+00
-2.825699333377997391e+00
-3.444688563973613782e+00
-3.479174202275316929e+00
-3.688247096524719382e+00
-2.640412338765599998e+00
-2.409858934188378043e+00
-3.433192957145365654e+00
-3.733628000907629030e+00
-2.775832544863078510e+00
-2.806377451353910146e+00
-3.102610971993271960e+00
-3.805151944019598886e+00
-3.128898790022503817e+00
-3.008391535884584300e+00
-1.493846109759033425e+00
-3.778297002354520373e+00
-2.135750788744189776e+00
-2.945172046627703821e+00
-3.241223787947092205e+00
-2.825474845602002461e+00
-2.844378320547548356e+00
-2.267804992432502331e+00
-1.896526705135329394e+00
-6.016800422330561560e-01
-2.163694706589012640e+00
-2.020631689600122627e+00
-1.134132697341556195e+00
-2.161643830473622074e+00
-8.871384066878817976e-01
-1.734605086574447341e+00
1.316359368436678778e+00
1.147568208514712751e+00
8.976529643186950125e-01
8.772563462480320595e-01
1.660580321211455157e+00
8.980228044529212639e-01
4.146900843661569525e-01
3.349525547782832291e-01
1.007798907136020716e+00
1.512168274130090140e+00
1.131228722635569284e+00
1.254777031797857489e+00
7.118137072975514457e-01
2.900876551357214339e-01
1.651340133033954771e+00
3.846151128491328564e-01
3.309678092009562533e-01
8.113068727834615856e-01
2.196827385174401570e+00
2.671690532752108993e+00
1.598574216717679519e+00
4.978615636027825531e-01
1.056623900734848576e+00
1.776262638664775295e+00
2.581414610849606106e+00
2.188191408476996003e+00
1.145661018872488057e+00
9.567377878629486077e-01
2.693300731811177684e+00
3.077344908593659056e+00
2.882851456735807005e+00
3.270969884899386670e+00
2.081179179349419428e+00
2.099907282823551213e+00
3.529709386639297009e+00
3.242602105852711247e+00
3.110264905892108800e+00
2.706827901096403366e+00
2.997932045072957408e+00
2.731802490670816042e+00
2.620985468711296562e+00
2.669038324020220898e+00
1.724815467034204630e+00
1.693500239001878072e+00
3.405306657601613551e+00
1.521857611973246094e+00
1.135955141973681748e+00
1.590941558457416249e+00
1.304656981781590730e+00
1.370973515797231812e+00
1.781110284435271751e+00
1.753870769050990930e+00
1.489988003282633144e+00
5.134430326070287265e-01
2.029190975132223684e+00
9.072517905806307681e-01
3.720541939528629882e+00
4.585589038320904365e+00
3.767719557134114439e+00
3.568707425809407141e+00
2.760895945066295099e+00
2.997536500053683994e+00
3.536868313687591581e+00
3.802099014006671496e+00
2.454633585341071011e+00
1.683293508489441592e+00
2.760453958046127809e+00
1.633534202963346615e+00
2.402217408249271102e+00
2.932381277943932218e+00
7.979016738790960517e-01
1.038385096569982124e+00
2.844674378611671273e+00
2.831418348523584427e+00
2.268776573142531561e+00
1.770309354789787903e+00
1.661159924769890495e+00
1.810815606837422820e+00
2.095278452477941755e+00
1.909817751478840364e+00
2.718958341909456067e+00
2.355058563716738718e+00
1.607538071988528827e+00
2.395949180299794534e+00
4.318209934248443460e+00
3.612778576429263921e+00
3.139581897325115278e+00
3.360918302023492288e+00
2.833515303373133065e+00
2.968415948638721602e+00
1.889615117441280745e+00
1.229459902362577850e+00
1.778955873640370555e+00
1.125018824066501111e+00
1.102602978644426912e+00
1.467603783192316769e+00
2.891717028345738072e+00
2.229654843915341189e+00
2.167361638719739858e+00
2.441633553728024708e+00
2.822935366039018845e+00
1.982120770684559830e+00
2.837292516644083662e+00
2.000300358045933535e+00
2.626645543456106680e+00
1.789883629808173282e+00
3.413357853547495324e+00
2.711733257154264720e+00
2.476590608224796597e+00
2.425627958204131573e+00
2.803972753648849903e+00
4.169831921080913162e+00
5.676820726199366618e+00
2.721962419902411057e+00
1.586642204045347171e+00
1.387813468107196968e+00
1.771546274707361590e+00
1.216050041559356032e+00
1.960018526759085944e+00
1.857895644381642342e+00
1.253400394351046998e+00
9.420486514027288649e-01
4.161538437900162535e+00
2.231402422814426245e+00
4.312057265884504886e+00
6.260030699708295288e+00
2.392301698131632293e+00
9.672930869710398838e-01
2.239537462766747922e+00
1.172939977343048668e+00
2.773630708095879527e+00
8.609563703284948133e-01
-5.078290605342772324e-01
-5.824643265041231643e-01
-9.048541985939664301e-01
-3.945922198909102008e-03
1.008629181920696283e+00
1.251764876255037962e+00
-2.576832815757370554e-01
-7.161666311731096357e-03
-1.429270883822027827e+00
1.077170103097159881e+00
-1.056693282880587503e-01
-2.026689761696616188e-01
-4.330872896134678740e-01
-8.241984528285684064e-02
-1.575968392851791577e+00
1.786437033370020799e-01
1.447100212619261583e+00
-7.501568704465171322e-01
-1.555112749370891834e+00
3.157756324690126348e-01
9.406511381566815544e-01
3.023138727767218370e-01
4.543940239600487985e-01
9.502714400405238848e-01
1.567105471560353180e+00
9.136851708972244523e-01
3.334586644850787707e-01
6.214117090457875747e-01
1.349430385416781064e-01
1.026799703126016539e+00
1.557560076194931753e+00
4.063075994672544766e-01
2.340948049783037277e+00
9.771960287143883761e-01
4.564555423385172617e-01
1.112070233819395071e+00
1.291557165692211129e+00
7.283952281541132834e-01
5.705140298079641070e+00
2.771868798190553207e+00
6.731943776445405092e+00
3.279161351310904138e-01
2.940432825125753880e-01
1.450307646988221677e+00
5.151020130288088694e-01
3.258452006844891002e+00
3.060946400350076146e+00
2.639363533187861321e+00
2.089030891693255398e-01
3.993382557495351648e+00
3.848736649026250234e+00
3.746204940198367694e+00
3.831275666725559859e+00
5.017472542484028963e+00
1.966404568702273536e+00
2.873756126904481789e+00
6.404102942582539981e+00
4.403913189704326214e+00
1.417851119793340331e+00
1.536786870587093290e+00
2.680068193440092728e-01
2.033032320490747225e+00
2.328466544524417259e+00
5.756278839653532486e-01
7.021937434292340185e-01
1.099728715227684006e+00
1.490092636147892335e+00
2.359961859812756302e+00
2.340957536187488586e+00
2.518210869926406303e+00
2.211794450024171965e+00
1.406628248110791901e+00
1.093901166030263994e+00
6.573976411382318474e-01
2.266823018275317736e+00
1.558818104003876215e+00
1.927065403790038545e+00
7.737825850890658330e-01
2.621136534788092831e+00
1.555987992676818976e+00
1.770075084652489750e+00
2.300928721848322311e+00
1.253475391531537753e+00
1.239858218606968876e+00
1.940388901675760280e+00
1.976872346946038306e+00
5.970005315975868143e-01
-1.609218903213331942e-01
-2.659963893856911454e-01
1.217509645281097619e+00
1.445429197185148951e+00
1.780878168057824951e+00
9.005847460830409545e-01
1.318083474940067390e+00
8.583556232370028738e-01
-3.692571116989711300e-01
4.412787439214298502e-01
2.061363771954347612e+00
6.651560838145087473e-01
-2.152285699594358448e-01
-1.395794357777049299e-01
7.998480668502452318e-01
6.963626592660148162e-01
9.514571853251254652e-01
4.762610378493263852e-01
6.200173771503614262e-02
1.239790033436293015e+00
1.768193756892287638e+00
7.588729296148812864e-01
1.902246317058597924e+00
7.881727849817252718e-01
1.644551562469132477e+00
-2.448909690137952566e-01
6.082049765973351896e-01
1.324399139321030816e+00
1.038844573602546006e+00
1.819959607855707873e+00
8.333259005412401166e-01
1.256768993956939084e+00
1.227097248251084238e+00
2.086736635494162329e+00
2.762069385640643304e+00
2.461547372313361848e+00
1.752857644132745918e-01
6.733768025187600870e-01
1.589467399608111009e+00
2.327515623346698703e+00
1.788779625050665345e+00
6.205870612393482588e-01
3.398050259726005606e+00
2.832624272145039868e+00
1.686340909422142431e+00
2.110761443618685007e+00
3.176224373652075883e+00
2.734799995847424725e+00
2.761812116674263962e+00
2.817751689450233243e+00
2.831962532600300619e+00
3.418781232201581588e+00
1.157707693451811792e+00
3.084560916766349692e+00
4.152083080531156156e+00
3.463731212385027902e+00
3.202070248491509119e+00
3.720065587625867920e+00
3.859400510511477478e+00
4.458941150940518128e+00
3.430448239043471403e+00
2.922005385255033616e+00
2.592213186057051644e+00
3.614538322570297169e+00
2.794737628999428125e+00
1.880480835381604265e+00
1.965206312026566593e+00
4.014809111307840794e+00
3.682596163056587102e+00
6.711710235831560567e-01
2.649619916119263507e+00
-3.204519093305862043e-01
8.024864515755325556e-01
5.782362655882025138e-01
-2.933682263392256573e-02
3.104738168363837758e+00
1.915629502509546001e+00
1.578612298322696006e+00
1.548551856390986359e+00
8.250087508495198563e-01
1.282775656094599981e+00
8.310983531082456466e-01
-6.695481421011209022e-01
2.683500001363427145e+00
2.380249631820333889e+00
1.127671820602699881e+00
6.045913144225778524e-01
2.055768842550605768e+00
1.098594000093726208e+00
1.256130446767201647e+00
2.012207890642457642e+00
1.069262304954463616e+00
1.119415465222118655e+00
2.564143488012632588e+00
2.302476711905910634e+00
8.185274089555605315e-01
1.559320790303900139e+00
2.333518859231844544e+00
1.796503901096002664e+00
1.638142871888703667e+00
2.618077809103851905e+00
1.780950965079682646e+00
2.740556272663525306e+00
2.829658887367259013e+00
1.755780514853540808e+00
2.819838396702834871e+00
1.259883389440801693e+00
5.075106874755874742e-01
1.475578723489888944e+00
1.392092298214265611e+00
1.792523692238319200e+00
1.509407741083123256e+00
8.783977360944845714e-01
1.082005018612107961e+00
9.933024062665936071e-01
2.738017155432316940e+00
5.512630470257136039e-01
7.685572215195861645e-01
1.081960192146652844e+00
2.213334517426119419e+00
7.928854504461924080e-01
1.907605062617221847e+00
2.063408348934899550e+00
1.873068951641471358e+00
2.162145505892112851e+00
2.254071360133821145e+00
1.408389305834134575e+00
1.850211971341195749e+00
9.234758380443963688e-01
1.159838457082514651e+00
1.349675915687839733e+00
1.156548858929454582e+00
2.190146787070261780e-01
7.072337942736339755e-01
1.368284999480238184e-01
1.410480290105624590e+00
-3.101124865970632527e-01
9.270576172202709131e-01
7.682249156350735575e-01
1.615568436318426393e-01
3.289221730301505886e-02
-1.313635070258897031e+00
2.068047529613977531e+00
1.571394893984688679e+00
1.488245130167342722e+00
1.647410354333260329e+00
1.059522055467823520e+00
8.369976335925457533e-01
3.004697232317994349e-01
-3.584604933530499693e-01
1.293495148180227261e+00
4.972369626375439111e-01
4.773664863059821073e-01
1.205316440886235796e+00
1.044397373301762855e+00
3.696907863923115656e-01
-6.827436513049178757e-01
5.392709921216010116e-02
1.266415853478974896e+00
-6.991890215431340039e-02
-5.852918516793579329e-01
-1.403627761566895060e+00
-1.119433425992610864e-02
4.621568783877592068e-01
-7.927474850257567596e-01
3.704978933928941842e-01
-1.316948134059202857e+00
-7.430544394628668670e-01
-5.770323780161561444e-01
1.361625224941235501e+00
-6.024779037761618383e-01
-2.248709370018332265e+00
-3.211960723660013173e+00
-3.387318998320552055e-01
5.548841593772522174e-01
-6.506188889397890307e-01
-5.127389798944932409e-01
-7.954641570286185015e-01
4.163004684560291935e-01
-4.717007570470741484e-01
-7.219475008969311602e-02
2.431104764153133146e+00
8.488104018906597048e-01
4.605844428042473737e-01
1.571047339723008918e+00
-7.674989634142548312e-01
1.007306459639949026e+00
3.552342976581712719e-01
-5.927813557609624695e-01
5.857815855924854986e-01
2.170051648161461344e+00
1.033093850346631370e-01
-2.085048966582689900e-01
5.826858604741573799e-01
-4.040723454745602794e-01
8.438226171419955790e-01
-7.864869983313838020e-01
-2.695760140304628294e-01
4.975378268209169619e-01
3.808462700144445989e-01
1.269841586083202856e+00
-5.047301539962063543e-01
1.076455818430986255e+00
1.131101929531723727e-01
-1.501785656364518218e-01
-1.726366073795361444e+00
9.137472606744267978e-01
-2.484122832574939821e-01
1.860613622073287843e+00
2.115117658788221888e+00
1.541183553774317261e+00
1.394936096166929929e+00
2.546987413334136363e-01
2.763398255046922714e+00
-4.287846745864953846e-02
1.559359028669859981e+00
7.760356253893405665e-01
2.553143388322496321e-01
-1.643307790705875959e+00
-2.593713234382448718e-01
6.024969778154627420e-01
1.856600729697674979e+00
1.608776084834971698e+00
3.240544260053866310e+00
9.684766047284938395e-01
5.208884483508882113e-01
1.791378345445991727e+00
1.049926840649277437e+00
2.675709190752968425e+00
1.359745841506082797e+00
2.737367352201545145e-01
8.712450706443632953e-01
2.035387802352488507e+00
1.342366938115446828e-02
4.522345071636664215e-01
8.176588606147561222e-01
-4.253370545229699928e-01
-8.803059251658851281e-02
1.660669202967255842e+00
1.069210919376928359e+00
4.496960443029820453e-01
3.228771672111179214e-01
3.446422303786675911e-01
2.156250934385752771e-01
2.159837759205402108e+00
1.015370581779279746e+00
7.531303623909479938e-01
1.342133763970196014e+00
2.840898407121130731e-01
4.445892937219468877e-01
-8.214831493387464434e-02
1.164958605149877258e+00
-9.885838037225767039e-01
1.922815912803343963e-01
-1.091971025525708683e-01
8.316880061574920546e-01
5.101210244065441657e-01
2.358195813030761201e+00
1.074908846912876470e+00
3.371665306331124157e-01
-1.256585380324395373e-01
5.734815185278421268e-01
1.203684540265385294e+00
6.919006989373883698e-01
1.644157163515046705e+00
-5.572668984714255203e-01
6.445698911302315537e-01
6.117051984983845614e-01
1.784940663528686855e+00
1.098245132816373371e+00
-3.240671818650298519e+00
-3.439373753819381818e+00
-1.606801617243036162e+00
-1.523836598771595163e+00
-1.802597717523894971e+00
-9.334111021962598898e-02
3.312954746434115805e-02
1.657379703061451437e+00
1.210372094854392344e+00
1.785181157465558499e-01
5.581313955590303522e-01
2.304146115529874805e-01
-2.506652054540609242e+00
-1.921019320288905874e-01
-1.522680072863295209e+00
-1.723419841659051599e+00
-2.345432030113443034e+00
-1.522448963110946352e+00
-3.234222060695174150e+00
-1.077461923185182968e+00
-1.147616932754317531e+00
-6.359216839555301704e-01
-2.726285911088780267e+00
-4.654580387279565912e+00
-3.584384070647502085e+00
-4.383287542754260357e+00
-4.883012547830730909e+00
-6.550649517881538486e+00
-4.669913418412761530e+00
-6.466473317115742248e+00
-4.614475238133309176e+00
-4.613928897713776678e+00
-4.673682186446967535e+00
-3.188945602883904940e+00
-5.310598590658628382e+00
-5.582655306479864521e+00
-9.564899161341600120e-02
-3.247476700009428896e+00
-2.466278550899005495e+00
-2.866751747413218254e+00
-4.574255552666727453e+00
-4.953812165709678084e+00
-2.921617373085609870e+00
-4.329349122133862693e+00
-3.006153880683996249e+00
-3.792679801550548291e+00
2.681017836708633695e+00
-3.008225541285355575e+00
-1.210606192187697161e+00
-1.793082793737994507e+00
-1.305556181563588325e+00
-2.403153904444479849e+00
-1.911919374542776495e+00
-2.004566400923067704e+00
-5.747527847488527186e-01
-2.806975104205776006e+00
-1.062429712510493118e+00
6.021899974002735689e-01
-3.159888012418377912e+00
-3.566375845046422910e+00
-2.037965215491567506e+00
1.418960710565443151e+00
-1.645797317105461843e+00
-3.407965637568850070e+00
1.726831898682576139e+00
-7.414238804158230778e-01
-1.360826157313567819e+00
-1.883704974796273746e+00
-2.049950108266784810e+00
-3.332248060669371625e+00
-4.066896939977596048e+00
-2.050282148098631296e+00
-1.327736599261697847e+00
-3.416760811836866196e+00
-2.802975436738051940e+00
-2.365412121071130969e+00
-2.231659455352200894e+00
-1.619532938828342594e+00
-2.149069755643722601e+00
-1.316811801112635294e+00
1.118066016199009027e+00
-2.165027466020546854e+00
-3.022813345876784297e+00
-2.628868781957862666e+00
-3.351028209544892889e-01
5.018990002499776892e-01
-1.920922054930997547e+00
-1.332520599498820957e-01
-3.226272659223468509e+00
-1.086469623827724718e+00
-3.426006722169404384e+00
-1.792919616771541769e+00
-6.570188882324146107e-01
-1.197284929330635350e-01
-2.957404353328456637e-01
-1.440916097973968135e+00
-4.512870158323494252e-01
-3.382550929723947775e+00
-3.081699629237846239e+00
2.132678558773477562e-01
-2.550817774827009998e-01
-7.426449494996631984e-01
-1.941507851384812966e+00
-8.705497713854128961e-01
-2.341768998896441190e+00
7.688313152902992442e-02
1.312231241307017626e+00
-1.344007957653957419e+00
-1.609038411952496972e-01
-2.386922353089175886e+00
-1.862947816516680177e+00
-2.411366245116369100e+00
6.305168618237075862e-01
-2.286641551672801143e+00
-1.131940427738300059e+00
1.272525135500472970e-01
-1.019419830416154582e+00
1.911630950256949291e+00
2.650705903361085802e-01
7.768503176084777806e-01
2.249192200244578999e+00
-8.041693058621603996e-01
2.352180741276242770e+00
-1.379701729041698854e+00
1.860149734420701861e-02
1.518369894449278945e+00
2.914019869604089763e-01
-4.058048842125572264e-02
5.579809916962403804e-01
-3.628328341801534407e-01
1.145667575328843668e-01
8.706550461356528103e-01
5.798751369547971990e-01
1.100369620129640680e+00
-2.605358847791649168e+00
3.180935554191819392e-01
-3.518250622284540441e+00
-2.688572180908522569e+00
-2.575766198169731069e+00
-1.261853735129989218e+00
-2.151316843901440734e+00
-1.503457228700426640e+00
-2.626778521334927063e+00
-1.022258321459958097e+00
-8.507298014847037848e-01
-2.817518474206735846e+00
-2.930926139586517820e+00
-1.173680303549190285e+00
-2.231337246365001192e+00
-1.405156380966218421e+00
-1.208384799479972571e+00
-1.568786716492468258e+00
-1.917714182236522902e+00
-3.111859927816112759e+00
-3.726115760520769982e+00
-7.879213352862279862e-01
-1.461685901169403223e+00
-1.290174026387830963e+00
-3.408748247027688194e+00
-3.223169775210408261e+00
-2.747146932779287454e+00
-2.338396250255755149e+00
-4.626055819564498961e+00
-3.078486453374353005e+00
-3.128941997674701270e+00
-3.038943754352658289e+00
-2.430786561923014233e+00
-4.790538956771342782e+00
-2.869273408512526657e+00
-4.532337007396563422e+00
-3.006875693103211233e+00
-3.106462854630080983e+00
-6.507732091493380722e+00
-4.448331477309693582e+00
-3.551783257615170442e+00
-2.541662754494609544e+00
-4.578410768950561760e+00
-5.567760716825432610e+00
-4.912994060585333500e+00
-4.474672300624661148e+00
-4.212522258982062340e+00
1.067520701108151115e-01
-3.964878973070881329e+00
1.995035411273420323e+00
-1.867047922678466421e-01
-1.362346629081002902e+00
-1.563214949492248707e-01
-1.548413178268674528e+00
-1.798480944398761494e+00
-2.537548348733253079e+00
-2.368205896436847979e+00
-1.764099318967055297e+00
-7.207256315450649709e-01
-2.754934279790177243e+00
-3.250989062245935202e+00
-2.691837876558565767e+00
-1.685036095084797125e+00
-3.440598448614764493e+00
-1.985379791265586391e+00
-3.801872358344553504e-01
-1.576863250636961311e+00
-3.241881024117901688e+00
-1.567102911623805994e+00
-2.124857238919503288e+00
-3.805488379981397884e+00
-6.041244706666475395e+00
-5.205237860314809950e+00
-4.153635331742407288e+00
-4.562918934094341239e+00
-5.702035502075887052e+00
-5.354005620054522296e+00
-5.167944181874190690e+00
-3.218980355723033426e+00
-6.919457539974246174e+00
-4.987385252883541398e+00
-5.999162985677685356e+00
-5.368182247995719081e+00
-5.764836063488473883e+00
-5.286324225533462595e+00
-5.114537986231880495e+00
-3.781462885584915057e+00
-3.672443314691918204e+00
-4.733424147834739415e+00
-2.831933083689364139e+00
-3.700059037542814622e+00
-3.551767303564702161e+00
-3.355778990709950449e+00
-1.881272421596804634e+00
-2.778223411132785259e+00
-2.873971589779102942e+00
-1.544761524401110364e+00
-2.325211537892755587e+00
-1.662210870112176053e+00
-2.727361817203927785e+00
-2.628357569392392179e+00
-2.699328525730379624e+00
-2.584425880344497273e+00
-1.973553350988368038e+00
-1.777936709109781077e+00
-3.968211107319802977e+00
-2.648006106635875767e+00
-2.378837551252217963e+00
-1.313751867848623078e+00
-1.092607149526884314e+00
-2.866888669923355337e+00
-4.477116522146388888e+00
-2.720404453124501742e+00
-6.526687737423344515e-01
-2.487993601120251697e+00
-1.423698986018280266e+00
-3.625956719388341298e+00
-3.163200871924345847e+00
-2.720608664414612576e+00
-3.696807323452958371e+00
-2.544657117854512762e+00
-3.092844071616127621e+00
-3.205174886839813553e+00
-2.919859701371024130e+00
-3.635431951806822326e+00
-4.646087093191454187e+00
-2.670198998814157676e+00
-1.977027175857074326e+00
-2.001719462754408596e+00
-1.583419889764627442e+00
-2.993819699484447483e+00
-1.198056767949310597e+00
-1.474738958659145283e+00
-2.741961910840473138e+00
-2.307763397711823927e+00
-4.754379996073112125e+00
-4.444969125550414901e+00
-4.656029186564410338e+00
-2.533622926446696511e+00
-1.522269583540037274e+00
-1.604337949305772781e+00
-2.320558806350163650e-01
-1.328564132465544390e+00
-8.086814495654834900e-01
-9.543811290313897189e-01
-1.275331579392513959e+00
-1.802212525020877365e+00
2.820956964533252176e-01
-8.715814093993685674e-01
2.045548119822342414e-01
-9.702399395901011303e-01
-1.392997258004470496e+00
-1.522562840975297149e+00
-1.933190294581436319e+00
-1.266822909099573735e+00
-1.130274579401884694e+00
-1.466285782069462584e+00
-1.281889127822068986e+00
-1.630066509180323919e+00
-3.296295265859953361e+00
-3.242002610364579596e+00
-5.788887837770744227e-01
-2.051498278764483985e+00
-1.861525929434719728e+00
-7.424866898727486841e-01
-6.485714868831564672e-01
-2.323595330628450029e+00
-1.431615253211930394e+00
-1.533662925121461740e+00
-7.284220861256471835e-01
-4.265280015570169780e-01
-2.054459947823488619e+00
-1.669745246199454414e+00
-1.680602342545171268e+00
-5.722778720373753458e-01
-8.610653887481021229e-01
-2.402463038270070683e+00
-5.988876158262428362e-01
-1.249507491964322980e+00
-1.283707316917571006e+00
-2.226970671501476318e+00
-1.204923142726329388e+00
-2.113649640574294608e+00
-1.069592782452673418e+00
-2.088881970332295168e+00
3.253404686329304241e-01
-2.100596630443760660e-01
-5.248900451733788941e-01
5.124842109216842800e-02
-2.010970850060402881e-01
-3.862396384793100879e-01
-6.945575477584498003e-02
-8.270763905238709413e-02
-4.174338821176206693e-01
-2.819981278225895949e-01
-2.098996616405202076e-02
-1.338668327698542271e-01
5.343682369166344870e-01
-5.231101271165243816e-01
2.161852552671916783e-02
-1.237002047895657597e+00
-5.024836452357703820e-01
9.363768077309941873e-02
-3.852881703387538437e-01
-8.538535063562449068e-01
-1.729481323687650729e+00
-7.900463178812060505e-01
-6.618936184131598566e-01
-2.656111260374018457e+00
-6.236650840037327725e-01
-1.096863224538537906e+00
-7.355033849598839879e-01
-9.121332718932535499e-01
-6.962496065971208736e-01
-7.659403340294375084e-01
-8.945815425977343693e-01
-1.242630753586126957e-01
-1.684945597502519377e+00
-1.007657997259229887e+00
-1.324142108718660893e+00
-1.283635730065725511e+00
-7.084111017320537940e-01
-1.398133409576985287e+00
-1.366830513172317296e+00
-1.333268001399119385e+00
-1.468373478110152064e+00
-6.790119178876921069e-01
-1.440038136974180816e+00
-1.222160395784158027e+00
-1.361711867502890527e+00
3.188622693669458386e-01
-8.958764623384922743e-01
7.041633943154010922e-01
1.540762591870588949e+00
8.748682299737993162e-01
9.981550586708181072e-01
5.051636936623253860e-01
2.233246837240585592e-01
4.651030908753455151e-01
1.407661927150911652e+00
1.080767692172230454e+00
-4.147443723195465282e-02
8.681632549996720627e-02
1.593592714234546293e+00
-1.064370334108389216e+00
2.460107538830925478e+00
1.609698033134918660e+00
-2.909367140455287881e-01
-1.353410652125603519e+00
-3.100952094217063859e+00
7.348063355238991790e-01
2.716023433240479790e+00
-9.038689933950081468e-01
1.413415689912653761e+00
1.081727091481297975e+00
5.716979469543730374e-01
9.434749279171228409e-02
2.253127110525383614e+00
1.856242150835896609e+00
2.865571053065650631e+00
3.127436853421386331e+00
2.486657646328239935e+00
8.117208441435650457e-01
1.435003428552590776e+00
1.029574157782917609e+00
1.521517122833756730e+00
1.499753013795270817e+00
2.419713024173688609e-01
-2.503394354280317202e-01
1.433844770996074658e+00
8.438812028434767853e-01
1.649118860936141573e+00
-1.274351035717700142e-01
-6.693756447020859923e-01
1.977269460330717266e-01
8.040190788196923677e-01
2.396706465660827234e-01
2.835137544825556688e-01
-8.406403750595927704e-01
-4.918853009439771995e-01
-4.520607523227226920e-01
-7.493043123395182192e-01
-2.165416432701022131e+00
-1.123359268181957304e+00
-3.474122154693759512e-01
-6.933988774580939207e-01
3.282877580204512924e-03
6.706105901794217061e-01
-9.797979289396607783e-01
-4.810858691416797228e-01
2.927706751142977737e-02
2.090226129730581306e-01
-1.484106463041825918e+00
-8.898528603604063392e-01
-9.229075168586859945e-01
-1.207311199887044495e+00
-1.597249789796478581e+00
-3.235671522270422429e-01
-1.856141017127811210e+00
-8.704081444557232317e-01
2.962951368193898816e+00
3.326795910634245956e+00
2.928022782951302361e+00
1.881276666048506740e+00
1.170251700703374809e+00
1.887269650836969959e+00
1.721844569674431114e+00
4.229153682561445748e+00
3.168818349611683516e+00
3.442720346018177224e+00
1.601081828368478455e+00
1.459936666575231357e+00
2.053705331265518907e+00
1.551604452837636927e+00
2.708602040103869513e+00
1.438371592594194226e+00
2.751197363424580544e+00
3.534164607532147784e+00
1.340906352885212982e+00
2.258408041150687495e+00
1.561794261382601690e+00
1.335741871553182136e+00
1.704022404239367461e+00
1.777310598001349717e+00
1.429519374225492356e+00
1.312019621716899564e+00
1.451064374687121017e+00
1.605919852794613689e+00
6.856796575448242947e-01
4.712701899843523279e-01
1.368806833212147467e+00
1.384890322049614042e+00
1.588307162044657161e+00
5.151046680111903697e-01
8.071120593340310734e-01
2.064836691370146582e+00
1.537894774348387728e+00
9.709171365284419153e-01
5.860426122308126651e-02
8.825243989922455512e-01
1.454835765136522241e+00
1.587310573402646696e+00
2.118812653570785187e-01
1.191005932665575529e+00
2.623517145580990473e+00
2.754461221717065200e+00
3.711894187043071724e+00
3.252964346058433875e+00
3.594575841907499125e+00
2.760298265071469359e+00
4.196277818013186334e+00
3.597712565515394090e+00
3.672657056551543064e+00
5.355440569441270782e+00
4.300002856496575987e+00
3.402746865154767875e+00
4.331947335074801231e+00
5.704819841219432419e+00
9.234608429542277008e-01
5.430711799388518557e+00
5.337455072709417436e+00
2.687682800580660114e+00
6.393048823360004462e+00
5.999246076451527188e+00
8.934831722363014705e-01
3.427086808707827004e+00
3.232835882899962598e+00
2.532784677121526329e+00
3.426525230559491320e+00
6.195130564006831264e+00
3.577480412070144666e+00
3.847435673458676320e+00
1.307432595556747401e+00
2.892094935374188935e+00
2.623648336932092207e+00
4.068587870660849148e+00
2.892780543847038643e+00
-3.544202154444064945e-04
9.085596880540833808e-01
2.790257979002490174e+00
3.061108653284463799e+00
2.902663132732413942e+00
2.019212924085877603e+00
1.305667527456535026e+00
1.827147295120084891e+00
1.542374883105367189e+00
2.685807424895756412e+00
2.313133504711004207e+00
1.476963050627091434e+00
-1.002662578121089609e+00
-3.937740160581597593e-01
9.427097287662036251e-01
-5.970754435074923094e-01
-3.780505337999784388e-01
2.175557633963762783e-01
-8.568896718243195210e-01
-1.110945353975694161e-01
2.256697183569485787e+00
-4.896600072970613837e-02
-1.280669957930513192e+00
-1.541094073872955050e-01
4.475011415706831031e-01
8.005355236382456496e-01
9.512058786276611499e-02
5.809196191439696122e-01
9.792890610515314620e-01
-1.419303229195065796e+00
-1.015797254010976758e+00
4.436113528827263508e-01
1.166998805274488404e-01
-5.707098608218075242e-01
7.344530819209467154e-01
-9.830620214779628441e-02
-1.288056842284277081e+00
-2.175056339063303312e+00
3.159574918536236510e-01
1.266410552419984015e+00
5.344185069407103583e-01
-3.440327879401593236e+00
-2.947619790429598652e+00
-1.510469475262652850e+00
-1.216236498486978235e+00
-8.059160993252589833e-01
-9.766096650128019974e-02
3.073725083049794193e-01
-2.907223435977357440e-02
3.507574345603643451e-01
-6.518158057551772799e-01
3.162394902938103769e-01
5.526051552878925577e-01
1.816400210376741597e+00
-7.216762808093335479e-01
6.044833507148723584e-01
-1.057750165273318999e-02
1.916651672687294194e+00
2.175866824269178323e+00
1.670612517023982946e+00
1.530422820695093833e+00
1.591978264088538708e+00
6.559600238942948636e-01
-2.171266908408142626e-01
6.932097288299701177e-01
1.446845253689389210e+00
2.047345261074951850e+00
-4.141427701397333294e-01
-6.392190514234243892e-01
2.274363395554246381e-02
1.500886575009644730e+00
1.618920885357510997e+00
4.039302395140111912e-01
6.810943935452087317e-01
1.029112027292285347e+00
1.709004227417608490e+00
1.787617627727740910e+00
1.135115069213497918e+00
1.316933529335074127e+00
6.804461031169921625e-01
-8.812869832581782248e-01
-9.745528219173138496e-01
-1.219602641845995095e+00
-2.939059525233460590e-01
1.904247945931274444e-01
5.295460829875082709e-01
-1.192663213478226680e+00
-1.315662766908644699e+00
2.645825854124268517e-01
-3.276625111284374725e-01
-1.517408903764589923e+00
-8.983466366989887320e-01
-9.304558558542339597e-01
-1.585151772163953865e+00
-1.669775955575460102e+00
-1.091297976279747672e+00
1.560815967604867183e-01
2.401197880724794231e+00
5.789158786756161135e-01
7.487854147111647762e-01
1.922674547935457667e+00
1.945699420630262466e+00
2.129625785921234637e+00
7.015084029153513256e-01
6.896402219354058616e-01
8.528187796000565868e-01
2.542899411244434305e+00
2.091247414533427218e+00
1.120715190998453181e+00
1.274177483770472463e+00
4.566332079084531870e-01
7.540090253096423112e-01
1.795268942369148135e+00
2.086995241290424019e+00
1.608316165351425298e+00
1.925097811767045641e+00
1.362716876919876086e+00
1.578215647190518212e+00
2.087618128443864407e+00
1.949092101491260109e+00
4.774710853413125733e+00
4.651673849199141841e+00
2.176895054268243257e+00
1.718861456716695102e+00
8.867526459944201633e-01
1.759889745160762686e+00
1.184583598005701788e+00
1.686330726803134894e+00
4.729054329509381205e-01
3.320494807951035909e+00
2.768510953381337458e+00
1.185576467378268717e+00
1.924191496917046607e+00
2.456029395227233181e+00
1.222041497854661429e+00
1.910117791012453381e+00
1.030023916846403154e+00
1.574825051509833429e+00
1.768513560164137743e+00
1.489202759108593455e+00
1.477454541411134414e+00
2.210724370226671454e+00
1.121067138014404918e+01
9.376407363466569223e+00
3.640335645216327976e+01
2.236380632918007905e+01
1.690380036013448262e+01
2.079967693376602256e+01
9.297706919722259045e+00
1.563817406590533210e+01
9.603817559705930762e+00
9.933154397538601188e+00
9.415358197988098254e+00
8.254949624588334700e+00
9.188278594821895240e+00
1.091451511229024618e+01
9.414300993110373383e+00
1.266330957322134054e+01
2.249991822424999555e+01
2.155571345080898027e+01
1.319649941791067249e+01
1.015527441924496088e+01
1.945909386095445370e+01
1.902733219963920419e+01
8.830187479765299940e+00
1.111495654634563834e+01
1.071616491823078832e+01
8.057155602346028900e+00
6.717177175920369336e+00
7.060191941105586011e+00
8.264130114450381370e+00
7.234285939699475421e+00
7.978721308445528848e+00
7.639485304800473386e+00
7.486168829265807290e+00
8.717068809077318292e+00
7.897540996364114108e+00
7.880119569825183135e+00
7.403709865004202584e+00
7.545906187053333269e+00
8.252827023268764606e+00
8.171150014179147547e+00
8.338715501919068629e+00
6.353713196818716824e+00
7.835092292676563375e+00
8.528156391057564178e+00
7.466094019058800768e+00
7.942293536743818549e+00
7.481640684138255892e+00
7.607839046915614745e+00
8.161592404710972914e+00
8.302751894956600154e+00
9.014152047879179008e+00
7.988679246103856713e+00
9.362029896248714067e+00
8.762649132371734595e+00
9.664310871310590301e+00
7.697048454876494361e+00
6.963395192291500280e+00
7.667556340860755881e+00
8.821237720676435856e+00
8.259762524092366220e+00
7.432805691143585136e+00
7.149766563274170039e+00
7.759994876403652597e+00
7.338035721706546610e+00
8.194244892158167204e+00
8.483611248913803138e+00
7.911316841375082731e+00
9.134320208591816481e+00
7.086372784400737146e+00
7.638105681555316551e+00
7.712287169226328842e+00
7.679800016623630654e+00
6.787977893269271590e+00
7.668273325914924499e+00
5.476206646373611875e+00
4.441687785871181404e+00
4.626480862290918594e+00
4.455188533695036313e+00
5.926587676214694511e+00
4.797235410020221025e+00
3.971613565088773612e+00
4.896734837442636490e+00
4.930964657429285580e+00
5.935327423743729014e+00
5.701613671677478123e+00
5.146607280687021557e+00
5.092871670884051127e+00
4.555351431536109885e+00
5.336744702646683436e+00
4.991893226477259304e+00
4.583009709560428746e+00
5.262376392594887875e+00
5.005606694943708135e+00
6.208107895672583254e+00
5.800290185914491303e+00
4.893552699410065543e+00
4.942761029738903744e+00
4.998035760832863161e+00
5.221328477367933374e+00
5.899253286275779828e+00
6.291720479028299451e+00
5.633464006197755225e+00
4.948059946946159471e+00
2.965448504535743268e+00
7.372327648929058341e+00
6.774298020347487181e+00
6.721818379824981093e+00
8.671137406450725393e+00
6.907720226095989347e+00
7.822430441581673222e+00
7.962100896467745770e+00
9.393696997056395048e+00
8.523984537681826623e+00
8.237624208315537544e+00
8.394806962922302773e+00
7.944726902602269547e+00
7.585157934889139142e+00
6.617427427594520850e+00
6.014208782900823280e+00
6.409818610645743320e+00
5.493997802106605377e+00
5.924809606571216136e+00
7.945129980595083907e+00
7.344428517575579463e+00
7.631781672778743086e+00
6.346493993114563636e+00
7.068169428628607420e+00
6.380676770706486423e+00
7.068878649301041150e+00
5.947453319367923541e+00
6.349873508996097371e+00
7.164481284595240140e+00
6.289552473244839348e+00
6.813286039621743839e+00
5.737770374838873977e+00
5.421629646796645829e+00
5.153937227536516730e+00
5.166899342628312297e+00
4.407955739221506519e+00
4.861871509994671214e+00
5.015071310586790787e+00
3.847306181876774644e+00
5.404340811401198152e+00
5.505552843209443381e+00
4.689735149710031692e+00
4.899179463613108965e+00
4.611866487459337804e+00
5.873538535990519449e+00
5.885319294211512897e+00
6.437065770434855949e+00
5.528843146941653686e+00
4.768124503912986256e+00
4.116667603797395714e+00
5.300550066229334334e+00
3.973797729478974361e+00
4.918355858062568586e+00
4.389484841798548587e+00
3.765771090416819789e+00
3.662371729937149212e+00
2.922872537565126549e+00
3.673896484277065611e+00
4.545224255263747182e+00
3.915518680361856241e+00
3.168976776385534322e+00
2.765735026365291560e+00
4.251437727485608775e+00
3.439520474068558542e+00
4.609887143040396040e+00
3.928592703192407498e+00
3.646907405473029939e+00
4.229029392507072771e+00
3.759592390622856328e+00
4.272039858646166977e+00
5.516104513873870019e+00
6.022533689341798890e+00
5.857648998709919397e+00
5.240862809980171733e+00
4.783527039544424042e+00
5.247895768930902705e+00
4.599704411106358748e+00
4.432885219259333098e+00
3.671475156315864297e+00
4.209974135828815633e+00
4.453026551120274235e+00
4.782243908721284242e+00
3.748270497973862803e+00
3.456392116331699071e+00
4.558263734696083702e+00
5.055930756898305845e+00
5.719545014249888482e+00
5.401165252347709611e+00
6.244126073623192497e+00
5.094027347240626113e+00
4.757528142934461357e+00
4.799835581499792170e+00
6.150409018948266748e+00
6.930610479488677811e+00
8.794101904644776369e+00
6.869493139551195782e+00
8.158815587841672823e+00
6.669644454181252513e+00
6.428256997820426477e+00
9.491638716859597480e+00
6.721545605330902617e+00
7.723611278437601868e+00
6.417432658949110191e+00
8.567170122219977202e+00
8.969905103931523627e+00
6.982780493417521939e+00
5.695727912756410660e+00
9.746166611977969296e+00
1.026657269222050672e+01
-1.314533635675616097e+00
-3.026790784220793284e+00
-2.663387103148124879e+00
-2.083865945023717359e-01
-3.415630933664942859e+00
-5.724934703866892960e-01
-3.353742203671572497e+00
-3.108861240660189651e+00
-6.932663853585836478e-01
3.344895624140917789e-01
-1.456638925526931416e+00
1.162605999157676706e+00
-3.358219350331637543e+00
-1.438690157294331584e+00
-7.696286897662503179e-01
1.215559297965228325e+00
-3.094200477378763026e+00
-2.739659277369355550e+00
-1.791893567042279756e+00
-2.769836551968182903e+00
6.309938444064755458e-01
-8.013728967853239737e-02
-6.751963952046935447e-01
-9.976899611683620606e-01
-2.997965355079941219e+00
4.275415632549993461e+00
4.283614552536164410e+00
3.934249935005937004e+00
6.716777497593284352e+00
5.602535176749370294e+00
4.774781100542895729e+00
7.672397082224051701e+00
4.481199460111383814e+00
3.819107115734368563e+00
3.293970708593406016e+00
2.795183012494817376e-02
4.328299486114701722e+00
5.818945171922678128e+00
2.482663931448769290e+00
3.831784217945823912e+00
3.422664335190347629e+00
3.861662560109834885e+00
3.253068901107326383e+00
1.899554607229219982e+00
3.151915016565908445e+00
9.377337326477572788e-01
2.462274644607532537e+00
4.329309496777568711e+00
3.426364425427891547e+00
2.108544813057960710e+00
5.521835544797795592e+00
3.161914262927894015e+00
3.867425177646509837e+00
3.207200135995663004e+00
1.169456888215790968e+00
3.370779201333789388e+00
3.450799703176016919e+00
3.146359830017900094e+00
2.614054178429796593e+00
3.092621377792966086e+00
4.973304588573228102e+00
4.090707763116370188e+00
1.755460934244183591e+00
1.503683789254864678e+00
3.104108704214013414e+00
6.030231613083742559e+00
2.992858193480060436e+00
2.032860825962416129e+00
1.860662879786104895e+00
2.488721200537838740e+00
3.078179759846534580e+00
2.627542982791055692e+00
2.532213884227530798e+00
2.304740183924877783e+00
9.642415810194506776e-01
1.038407669675507350e+00
-2.489772768738475861e+00
1.883586407715483801e+00
2.769831616893497994e+00
2.316352034711599117e+00
5.246963541430886835e-01
5.148791050487488974e-01
2.519886581751052290e+00
-8.308839125311351381e-01
1.396081369803141570e+00
1.789455642709071981e+00
8.655339789584104437e-01
1.887239680530910846e+00
1.537711263143137330e+00
-7.552554190988303162e-01
8.298726249377068598e-01
1.227202905498415930e+00
2.257944385706650792e+00
1.418893141562875826e+00
1.015657472296879860e+00
9.447889900475274771e-01
6.616644835266924929e-01
3.235402442940539913e+00
1.138669287051015999e+00
3.097108930160175078e-01
1.152196805065614171e+00
-5.474866397307778243e-01
1.586498200584173901e+00
1.252445052232360467e+00
-2.083293286996195093e-01
4.241503728637326276e+00
2.137331174479186302e+00
2.051621923532366054e+00
3.714025888220930938e-01
1.426508361568266992e+00
1.192903445786214434e+00
9.879893847064522561e-01
1.112260544541641138e+00
7.219071050167258363e-01
1.155666828050016193e+00
-3.895158901577815413e-01
3.211579223559965612e+00
1.873655828523624223e+00
1.445615461794659495e+00
1.893055565273243701e+00
8.425646739997318946e-01
1.422685349032690283e+00
1.261247690505115315e+00
1.887179750265204348e+00
1.417970414753654040e+00
1.566466208161727991e+00
-6.412877668844885193e-02
8.915457418224832509e-01
-3.119420891416666564e-01
1.731613106421718840e+00
-4.966108792796148919e-01
-1.373723756816616515e+00
3.113501774132600985e-01
-2.096719702007248998e+00
2.803989513144188095e+00
9.743336962565081194e-01
-4.042042157052492257e-01
8.526615783666784409e-01
-1.377459180766891222e+00
-3.967089100297016557e-01
-1.309403409140941221e-01
-5.317656117767910473e-02
1.082643016779911704e+00
1.460139663759036921e+00
1.152067859380622394e+00
1.970879700311343186e-01
-6.063523711709422059e-01
1.729550670170283411e-01
-8.004497614274441730e-01
-1.339750570601609070e+00
-1.045587743963551475e+00
1.713385831706546014e+00
1.267771305960195605e+00
8.906301638489821926e-02
-2.481226749587222002e-01
-1.008013818271138007e+00
-5.145763651489687618e-01
-3.259711996779515175e+00
-1.240356647918815725e+00
-5.135901793510129210e-01
-1.137849373786593787e+00
-2.322474617722036783e+00
-8.765037326047604438e-01
-2.038122093137644697e+00
-1.267284355122683337e+00
-1.494696061807189835e+00
-1.001922265146276914e+00
-1.389993465905718040e+00
-1.875770272115914850e+00
-7.054335174070729408e-01
-2.585884733038255945e+00
7.943004106418811716e-01
-3.719782392290653661e-01
-1.604500385037681554e+00
-1.421564386837417260e-01
-1.356848367158818292e+00
-9.544744533668563236e-01
-3.911445822959649377e-01
8.812631243927171454e-02
3.644948417131672613e-01
8.000057137251133099e-01
4.375510744976054411e-01
-5.223112242711067665e-01
-4.536308037386334036e-01
1.173578440753772156e+00
6.969200099010777194e-01
-7.692980954598169774e-01
1.649205694466218119e+00
6.394476531568216160e-03
-1.868710000489954837e-01
7.789836693264078349e-01
5.455974351571057923e-02
9.721910851294524036e-02
6.340118241860182025e-01
1.374780408226797590e+00
-1.367604901181039168e+00
-1.555157889484689804e+00
7.939193579295533709e-02
-1.240094626209611306e+00
-3.108222206501523033e-01
6.358239199580566492e-01
-4.219213424112240318e-01
-6.582303618633886799e-01
-8.032793157362903003e-01
-1.777913054553209804e+00
4.399194887810153887e-03
1.057388100689422572e+00
8.073115093793603592e-02
4.760324007256713230e-01
8.661086738902668003e-01
3.745372896155458875e-01
-2.434929679911874700e-01
1.536355416137666907e-01
6.147781074905651622e-01
2.060580713477975223e-01
3.418360982614103705e-01
3.313623021567764226e-01
-8.075366479533840902e-02
-4.286682436468254309e-01
-2.295431054299115203e-01
-7.380983904658933170e-02
1.988708145145210437e-01
-4.700888122206379194e-01
-9.508554808344342746e-01
-8.537772497220430523e-01
-3.632082152653310914e-01
2.283409988849598449e-01
1.097008778415329289e-01
1.832721268110617530e-01
-6.189124309930775780e-01
2.190649474563542753e+00
1.894485206648823805e+00
2.553954651339154225e+00
1.821662980579276336e+00
6.572689048334723338e-01
2.734160891937790439e+00
9.523948084424773697e-01
1.864948200000071665e+00
-5.499108715484908316e-01
4.100363576071686111e-02
-5.135060495013021864e-01
-2.407067748135887086e-01
-3.116867697499401402e-01
9.669681159430183470e-01
1.473049978631024715e-01
-9.197795634827343747e-02
6.330094420045497827e-01
-2.016739864437113283e+00
5.298553328320849687e-01
4.301407563616521657e-02
1.625437349022831768e+00
1.227422843392560026e+00
2.752093701383273583e-01
7.416528381909301970e-01
-4.231829329728498124e-02
-2.881174021957122022e+00
-2.118237622908054618e+00
-1.506813504973251838e+00
-2.442924483635579236e+00
-1.433231341961800354e+00
-2.361164991860277951e+00
-1.459770512617978966e+00
-2.361286017126985826e+00
-1.901008534743596101e+00
-1.415899812069255859e+00
1.568693023447849555e+00
-3.045667651931580622e+00
-2.285462753297906602e+00
-1.789590155360201607e+00
-1.882929453266115161e+00
-2.155753012295463122e+00
-3.110088235946022905e+00
-2.480448813632392557e+00
-1.499488714569451986e+00
-6.150301985180703923e-01
-2.829815566165052587e+00
-2.198083953531750012e+00
-2.146852831581782084e+00
-2.999059198518807534e+00
-2.013998816604726017e+00
-3.241504636796889827e+00
-2.872567799000535160e+00
-4.247602131054009078e+00
-3.141841759574163007e+00
-2.551036978147749323e+00
-3.141660771263559582e+00
-4.590165772769978503e+00
-5.859999308875558199e+00
-3.480403459132503485e+00
-4.433512755927949911e+00
-4.072255576164025115e+00
-2.931032595974102151e+00
-6.081039106637035729e+00
-4.479551969041494885e+00
-3.796402665106143104e+00
