2.455278731947615743e+06
2.455278732649745420e+06
2.455278733334618155e+06
2.455278734029803425e+06
2.455278734732742887e+06
2.455278735416817013e+06
2.455278736121724360e+06
2.455278736816215329e+06
2.455278737510705832e+06
2.455278738204849418e+06
2.455278739594595041e+06
2.455278740279826336e+06
2.455278740974421147e+06
2.455278741677361075e+06
2.455278795147708151e+06
2.455278796529699117e+06
2.455278797223263886e+06
2.455278797927233856e+06
2.455278798621840309e+06
2.455278799316330813e+06
2.455278800010590348e+06
2.455278800704965368e+06
2.455278801399571821e+06
2.455278802084340248e+06
2.455278803474189714e+06
2.455278804167754482e+06
2.455278804871967528e+06
2.455278805566342548e+06
2.455278865974675864e+06
2.455278866677268408e+06
2.455278867371747736e+06
2.455278868066354189e+06
2.455278868760613259e+06
2.455278869454988278e+06
2.455278870149594732e+06
2.455278871538530104e+06
2.455278872224571649e+06
2.455278872917777859e+06
2.455278873621527571e+06
2.455278874316018540e+06
2.455279725007731467e+06
2.455279725696423557e+06
2.455279726390914526e+06
2.455279727085057646e+06
2.455279727788229007e+06
2.455279729177395813e+06
2.455279729871539399e+06
2.455279730565914419e+06
2.455279731260509230e+06
2.455279731955000199e+06
2.455279732641041745e+06
2.455279733335300814e+06
2.455279734029675834e+06
2.455279735427523032e+06
2.455279810421794187e+06
2.455279811121840496e+06
2.455279811816099565e+06
2.455279812510474585e+06
2.455279813899525441e+06
2.455279814594016410e+06
2.455279815288391430e+06
2.455279815983680543e+06
2.455279816671805456e+06
2.455279817363171373e+06
2.455279818065995350e+06
2.455279818760486320e+06
2.455279819454861339e+06
2.455279820843796246e+06
2.455279887500879820e+06
2.455279888204976916e+06
2.455279888899120502e+06
2.455279889593830798e+06
2.455279890288321767e+06
2.455279890982812271e+06
2.455279891677187290e+06
2.455279892363229301e+06
2.455279893056794070e+06
2.455279894445497543e+06
2.455279895149247721e+06
2.455279895843958482e+06
2.455279896538333502e+06
2.455279897232939955e+06
2.455280723613240756e+06
2.455280725010972004e+06
2.455280725704884157e+06
2.455280726389537100e+06
2.455280727087939624e+06
2.455280727778032422e+06
2.455280728482824285e+06
2.455280729177083354e+06
2.455280729872615542e+06
2.455280730556111317e+06
2.455280731250358745e+06
2.455280731955150608e+06
2.455280732639340218e+06
2.455280734028391074e+06
2.455280821534976829e+06
2.455280822232708335e+06
2.455280822917129844e+06
2.455280823611504398e+06
2.455280824305983726e+06
2.455280825704988558e+06
2.455280826399479061e+06
2.455280827084826306e+06
2.455280827777893748e+06
2.455280828472882044e+06
2.455280829177210573e+06
2.455280829872627277e+06
2.455280830556226894e+06
2.455280831250370480e+06
2.455280893061701208e+06
2.455280893754444551e+06
2.455280895149514079e+06
2.455280895843889099e+06
2.455280896538958419e+06
2.455280897222673520e+06
2.455280897917164490e+06
2.455280898621493019e+06
2.455280899317025673e+06
2.455280900000520982e+06
2.455280900694896001e+06
2.455280902086261660e+06
2.455281725011528004e+06
2.455281725694907364e+06
2.455281726389398333e+06
2.455281727083773352e+06
2.455281728482777718e+06
2.455281729177152738e+06
2.455281729872210417e+06
2.455281730556053109e+06
2.455281731250659563e+06
2.455281731954988558e+06
2.455281732639525551e+06
2.455281733333669137e+06
2.455281734028159641e+06
2.455281735427164473e+06
2.455281815982986242e+06
2.455281816667175852e+06
2.455281817361203488e+06
2.455281818065983709e+06
2.455281818760486320e+06
2.455281819447106682e+06
2.455281820139282383e+06
2.455281820833993144e+06
2.455281822233228944e+06
2.455281822927372530e+06
2.455281823622673750e+06
2.455281824306053109e+06
2.455281881945833564e+06
2.455281882649583276e+06
2.455281883333888836e+06
2.455281884028379805e+06
2.455281884732812643e+06
2.455281885417233687e+06
2.455281886111724656e+06
2.455281886805983726e+06
2.455281887510428205e+06
2.455281888899479061e+06
2.455281889594305772e+06
2.455281890278263949e+06
2.455282656953298487e+06
2.455282657641064841e+06
2.455282658344479278e+06
2.455282659028773196e+06
2.455282659733333159e+06
2.455282660420648288e+06
2.455282661113981623e+06
2.455282661807430442e+06
2.455282663194502238e+06
2.455282663890266325e+06
2.455282664584525395e+06
2.455282665281909518e+06
2.455282740284768399e+06
2.455282741667569615e+06
2.455282742362407502e+06
2.455282743059212808e+06
2.455282743752314709e+06
2.455282744447037112e+06
2.455282745142442174e+06
2.455282745834733825e+06
2.455282746529224329e+06
2.455282747223483864e+06
2.455282747924444266e+06
2.455282748622627463e+06
2.455282749307974707e+06
2.455282750696678180e+06
2.455282817365243100e+06
2.455282818059733603e+06
2.455282818752604071e+06
2.455282819446168840e+06
2.455282820143900346e+06
2.455282821529594716e+06
2.455282822222812567e+06
2.455282822921122890e+06
2.455282823617117945e+06
2.455282824310451280e+06
2.455282825003194623e+06
2.455282825695949141e+06
2.455282826389976777e+06
2.455282827084930614e+06
2.455283729870543815e+06
2.455283730559710879e+06
2.455283731251886580e+06
2.455283731949270703e+06
2.455283732640173752e+06
2.455283734029340092e+06
2.455283734723136760e+06
2.455283735428159591e+06
2.455283736122187693e+06
2.455283736806724686e+06
2.455283737507002428e+06
2.455283738198252395e+06
2.455283738900254481e+06
2.455283739584560040e+06
2.455283818753842730e+06
2.455283820143587887e+06
2.455283820837604348e+06
2.455283821529201232e+06
2.455283822233530227e+06
2.455283822917604353e+06
2.455283823614872526e+06
2.455283824306932744e+06
2.455283825000034645e+06
2.455283826396203600e+06
2.455283827094675973e+06
2.455283827780023217e+06
2.455283828473703936e+06
2.455283829167257063e+06
2.455283887500034645e+06
2.455283888205856550e+06
2.455283888891898096e+06
2.455283889584999997e+06
2.455283890278564766e+06
2.455283890974675771e+06
2.455283892361411825e+06
2.455283893057048786e+06
2.455283893755706027e+06
2.455283894449039362e+06
2.455283895141331013e+06
2.455283895844386425e+06
2.455284655563657638e+06
2.455284656261157244e+06
2.455284656946157571e+06
2.455284657639953773e+06
2.455284658344513737e+06
2.455284659029976930e+06
2.455284659725497477e+06
2.455284660418021027e+06
2.455284661112396047e+06
2.455284662503182888e+06
2.455284663205775432e+06
2.455284663893090095e+06
2.455284664585138671e+06
2.455284665280671325e+06
2.455284746535115875e+06
2.455284747225324158e+06
2.455284747917963192e+06
2.455284748622407205e+06
2.455284749308333267e+06
2.455284750705601647e+06
2.455284751390705816e+06
2.455284752083923668e+06
2.455284752780960873e+06
2.455284753474178258e+06
2.455284754167858977e+06
2.455284754864780232e+06
2.455284755557997618e+06
2.455284756251782179e+06
2.455284877787592821e+06
2.455284878474097233e+06
2.455284879167893436e+06
2.455284879862499889e+06
2.455284880566944368e+06
2.455284881253217813e+06
2.455284881945613306e+06
2.455284883334664162e+06
2.455284884028460830e+06
2.455284884733368177e+06
2.455284885417094920e+06
2.455284886115173809e+06
2.455284886806886643e+06
2.455284887500324287e+06
2.455287634723090101e+06
2.455287635422418825e+06
2.455287636115625035e+06
2.455287636810092721e+06
2.455287636807916686e+06
2.455287637510382105e+06
2.455287638200914487e+06
2.455287638198634144e+06
2.455287638899120502e+06
2.455287639588391408e+06
2.455287639587835874e+06
2.455287640282071661e+06
2.455287640975509305e+06
2.455287641670787241e+06
2.455287739584919065e+06
2.455287740288078785e+06
2.455287740288217552e+06
2.455287740975752473e+06
2.455287741670451593e+06
2.455287741670011543e+06
2.455287742363333236e+06
2.455287743065902963e+06
2.455287743754131719e+06
2.455287743753576186e+06
2.455287744449791498e+06
2.455287745142407250e+06
2.455287745143703651e+06
2.455287745837372728e+06
2.455287817370080855e+06
2.455287817365705967e+06
2.455287818061111029e+06
2.455287818754074164e+06
2.455287819454791490e+06
2.455287819454941899e+06
2.455287820142812561e+06
2.455287820837754756e+06
2.455287820836388972e+06
2.455287821530520916e+06
2.455287822233321611e+06
2.455287822232997511e+06
2.455287822922268417e+06
2.455287823615000118e+06
2.455288642367280088e+06
2.455288642367071938e+06
2.455288643058889080e+06
2.455288643761458341e+06
2.455288643754537217e+06
2.455288644448669162e+06
2.455288645143715199e+06
2.455288645838078577e+06
2.455288645837407559e+06
2.455288646532117855e+06
2.455288647226238623e+06
2.455288647222673520e+06
2.455288647920856252e+06
2.455288648615323938e+06
2.455288760427928064e+06
2.455288760419282597e+06
2.455288761116296519e+06
2.455288761810081080e+06
2.455288762511261739e+06
2.455288762504108716e+06
2.455288763195347041e+06
2.455288763900231570e+06
2.455288763892974705e+06
2.455288764583507087e+06
2.455288765283078887e+06
2.455288765282523353e+06
2.455288765977569390e+06
2.455288766671122517e+06
2.455288813201122917e+06
2.455288813205775339e+06
2.455288813893310260e+06
2.455288814589629415e+06
2.455288815283414442e+06
2.455288815283900592e+06
2.455288815976527985e+06
2.455288816671689972e+06
2.455288816669397987e+06
2.455288817366886418e+06
2.455288818064595107e+06
2.455288818755138665e+06
2.455288818754120264e+06
2.455288819448252209e+06
2.455289700702037197e+06
2.455289701393159572e+06
2.455289702083807904e+06
2.455289702789155301e+06
2.455289702782476787e+06
2.455289703476365656e+06
2.455289704171423800e+06
2.455289704170289449e+06
2.455289704865220003e+06
2.455289705566875171e+06
2.455289705566921271e+06
2.455289706254907418e+06
2.455289706948912237e+06
2.455289707642928232e+06
2.455289790982951410e+06
2.455289791677997913e+06
2.455289792367036920e+06
2.455289792367187329e+06
2.455289793060381897e+06
2.455289793756817002e+06
2.455289794450138696e+06
2.455289794445879757e+06
2.455289795144861098e+06
2.455289795838414226e+06
2.455289795844571665e+06
2.455289796527823899e+06
2.455289797227731440e+06
2.455289797226944473e+06
2.455289883340138942e+06
2.455289884032650385e+06
2.455289884727349505e+06
2.455289884728298523e+06
2.455289885417800862e+06
2.455289886118981522e+06
2.455289886811955832e+06
2.455289886811863631e+06
2.455289887511319481e+06
2.455289888205902651e+06
2.455289888205809984e+06
2.455289888896817341e+06
2.455289889587465208e+06
2.455289889588194434e+06
2.455290650009432808e+06
2.455290650005300995e+06
2.455290650699421298e+06
2.455290651400266215e+06
2.455290651393345091e+06
2.455290652088981587e+06
2.455290652782176156e+06
2.455290652782546356e+06
2.455290653475868050e+06
2.455290654168946669e+06
2.455290654865393415e+06
2.455290654865879565e+06
2.455290655559999868e+06
2.455290656254479196e+06
2.455290729869293980e+06
2.455290730559826363e+06
2.455290731251400430e+06
2.455290731261157431e+06
2.455290731949259061e+06
2.455290732643044088e+06
2.455290733337627258e+06
2.455290733336492907e+06
2.455290734039074276e+06
2.455290734733541496e+06
2.455290734726284631e+06
2.455290735421099700e+06
2.455290736115000211e+06
2.455290736115254462e+06
2.455290891676990781e+06
2.455290892365439795e+06
2.455290892365463078e+06
2.455290893059595022e+06
2.455290893761354033e+06
2.455290893754444551e+06
2.455290894455856644e+06
2.455290895144201349e+06
2.455290895142951515e+06
2.455290895837766118e+06
2.455290896532014012e+06
2.455290897224050947e+06
2.455290897233576514e+06
2.455290897921562660e+06
2.455291634031828493e+06
2.455291634034294169e+06
2.455291634730381891e+06
2.455291635423472151e+06
2.455291635423610918e+06
2.455291636112870183e+06
2.455291636807465460e+06
2.455291637506678235e+06
2.455291637507407460e+06
2.455291638200717513e+06
2.455291638891481329e+06
2.455291638890706003e+06
2.455291639591307845e+06
2.455291640285671223e+06
2.455291795144490898e+06
2.455291795840242878e+06
2.455291795842233580e+06
2.455291796535324305e+06
2.455291797230717726e+06
2.455291797918819357e+06
2.455291797923021019e+06
2.455291798617604189e+06
2.455291799312661868e+06
2.455291799311643466e+06
2.455291800001956057e+06
2.455291800696770661e+06
2.455291800702117849e+06
2.455291801395440008e+06
2.455292619445520919e+06
2.455292620145208202e+06
2.455292620839907322e+06
2.455292620835196692e+06
2.455292621534062549e+06
2.455292622230613604e+06
2.455292622230764013e+06
2.455292622923032381e+06
2.455292623612882104e+06
2.455292623613136355e+06
2.455292624312939588e+06
2.455292625007060356e+06
2.455292625701296143e+06
2.455292625701793935e+06
2.455292734725555405e+06
2.455292734729062300e+06
2.455292735423992854e+06
2.455292736117303371e+06
2.455292736113518476e+06
2.455292736807418987e+06
2.455292737506411970e+06
2.455292737501805648e+06
2.455292738202303182e+06
2.455292738895381801e+06
2.455292739590786863e+06
2.455292739591504447e+06
2.455292740285161883e+06
2.455292740979062393e+06
2.455292819454235956e+06
2.455292820141875185e+06
2.455292820840393659e+06
2.455292821534062270e+06
2.455292821534548420e+06
2.455292822228217497e+06
2.455292822919791564e+06
2.455292822924571577e+06
2.455292823616840411e+06
2.455292824307372794e+06
2.455292824312963057e+06
2.455292825006041676e+06
2.455292825702025555e+06
2.455292826396851800e+06
2.455293615977673791e+06
2.455293616668437608e+06
2.455293617363032419e+06
2.455293617367916740e+06
2.455293618062268477e+06
2.455293618756516371e+06
2.455293619451793842e+06
2.455293619446504861e+06
2.455293620145717636e+06
2.455293620841122698e+06
2.455293620840104297e+06
2.455293621530173812e+06
2.455293622229861096e+06
2.455293622229305562e+06
2.455293778481296264e+06
2.455293779173807707e+06
2.455293779867812525e+06
2.455293780557430349e+06
2.455293780557801016e+06
2.455293781256319489e+06
2.455293781952175777e+06
2.455293781951516401e+06
2.455293782646678388e+06
2.455293783335254528e+06
2.455293783335277811e+06
2.455293784034849610e+06
2.455293784728507046e+06
2.455293785422974732e+06
2.455293904871805571e+06
2.455293905559328850e+06
2.455293905562719796e+06
2.455293906256608665e+06
2.455293906950728968e+06
2.455293906948333140e+06
2.455293907641180325e+06
2.455293908340289257e+06
2.455293908340428025e+06
2.455293909034559969e+06
2.455293909728564788e+06
2.455293910424305592e+06
2.455293910426191986e+06
2.455293911113020964e+06
2.455294625694814604e+06
2.455294626390555408e+06
2.455294626390590332e+06
2.455294627089803107e+06
2.455294627779652830e+06
2.455294627784305718e+06
2.455294628474154975e+06
2.455294629173946567e+06
2.455294629868067335e+06
2.455294629868912045e+06
2.455294630562916864e+06
2.455294631257164292e+06
2.455294631253715139e+06
2.455294631946227048e+06
2.455294725010833237e+06
2.455294725006816909e+06
2.455294725700474344e+06
2.455294726395416539e+06
2.455294726395787206e+06
2.455294727090382017e+06
2.455294727784039453e+06
2.455294728478865698e+06
2.455294728479004465e+06
2.455294729170578532e+06
2.455294729867141228e+06
2.455294729867511429e+06
2.455294730562569574e+06
2.455294731256111059e+06
2.455294866672731470e+06
2.455294866668588016e+06
2.455294867368159816e+06
2.455294868062511552e+06
2.455294868062083144e+06
2.455294868756203912e+06
2.455294869455659762e+06
2.455294869446423836e+06
2.455294870145405177e+06
2.455294870840925723e+06
2.455294871535046492e+06
2.455294871534039266e+06
2.455294872228854336e+06
2.455294872918819543e+06
2.455295606253680773e+06
2.455295606946759392e+06
2.455295606946215499e+06
2.455295607646701392e+06
2.455295608339675702e+06
2.455295608339583501e+06
2.455295609035104048e+06
2.455295609728645999e+06
2.455295609723923728e+06
2.455295610419907607e+06
2.455295611119004432e+06
2.455295611814062577e+06
2.455295611812117975e+06
2.455295612502314616e+06
2.455295665977835655e+06
2.455295665974514093e+06
2.455295666672337800e+06
2.455295667369015981e+06
2.455295667368113529e+06
2.455295668061898090e+06
2.455295668751967605e+06
2.455295668756851926e+06
2.455295669452256989e+06
2.455295670140706003e+06
2.455295670840509236e+06
2.455295670840648003e+06
2.455295671535590198e+06
2.455295672222465277e+06
2.455295871530833188e+06
2.455295872228437569e+06
2.455295872925451491e+06
2.455295872922708280e+06
2.455295873612893745e+06
2.455295874307708349e+06
2.455295875006932765e+06
2.455295875007534865e+06
2.455295875696342438e+06
2.455295876390694641e+06
2.455295876396516338e+06
2.455295877091342583e+06
2.455295877783958334e+06
2.455295877789190039e+06
2.455296604869224597e+06
2.455296605557569303e+06
2.455296605561759323e+06
2.455296606257164385e+06
2.455296606952557806e+06
2.455296607647268567e+06
2.455296607646250166e+06
2.455296608335277997e+06
2.455296609035659581e+06
2.455296609035798814e+06
2.455296609724143520e+06
2.455296610418611206e+06
2.455296610423148144e+06
2.455296611118784640e+06
2.455296909038773272e+06
2.455296909728958271e+06
2.455296910418460611e+06
2.455296910418715328e+06
2.455296911118159536e+06
2.455296911812754814e+06
2.455296912507800851e+06
2.455296912506909575e+06
2.455296913196284790e+06
2.455296913890995551e+06
2.455296913897384424e+06
2.455296914591157343e+06
2.455296915285057854e+06
2.455296915284618270e+06
2.455297747226446867e+06
2.455297747229490895e+06
2.455297747918402776e+06
2.455297748617743142e+06
2.455297748618229292e+06
2.455297749312349595e+06
2.455297750006481539e+06
2.455297750005926006e+06
2.455297750698437449e+06
2.455297751395335421e+06
2.455297752090740949e+06
2.455297752091226634e+06
2.455297752780949231e+06
2.455297753474270925e+06
2.455297881948402617e+06
2.455297882645196747e+06
2.455297883336191997e+06
2.455297884029965382e+06
2.455297884035324212e+06
2.455297884728981648e+06
2.455297885423217434e+06
2.455297885422673542e+06
2.455297886112859007e+06
2.455297886813009158e+06
2.455297886812801007e+06
2.455297887507511768e+06
2.455297888200705871e+06
2.455297888895058073e+06
2.455298591676701326e+06
2.455298592363182921e+06
2.455298593062754720e+06
2.455298593756296206e+06
2.455298593757013790e+06
2.455298594450682867e+06
2.455298595142140985e+06
2.455298595145879779e+06
2.455298595840358641e+06
2.455298596535173710e+06
2.455298596535312477e+06
2.455298597228981555e+06
2.455298597919051070e+06
2.455298598613183014e+06
2.455298761811273172e+06
2.455298762506898027e+06
2.455298763204502407e+06
2.455298763200821821e+06
2.455298763895764016e+06
2.455298764590115752e+06
2.455298764590485953e+06
2.455298765279872809e+06
2.455298765979085583e+06
2.455298766674375162e+06
2.455298766673588194e+06
2.455298767367951572e+06
2.455298768058368005e+06
2.455298768057349604e+06
2.455298905562361237e+06
2.455298905558113474e+06
2.455298906251192093e+06
2.455298906952488236e+06
2.455298906952291727e+06
2.455298907642708160e+06
2.455298908335451502e+06
2.455298909029687289e+06
2.455298909028565045e+06
2.455298909729050938e+06
2.455298910420162138e+06
2.455298910418460611e+06
2.455298911119062454e+06
2.455298911813425831e+06
2.455299590982581023e+06
2.455299591668726876e+06
2.455299591668634210e+06
2.455299592369120568e+06
2.455299593062905129e+06
2.455299593757951166e+06
2.455299593758217525e+06
2.455299594450949226e+06
2.455299595145532396e+06
2.455299595141169149e+06
2.455299595840034541e+06
2.455299596534282435e+06
2.455299596534421202e+06
2.455299597229710780e+06
2.455299886122222058e+06
2.455299886815879494e+06
2.455299887506076600e+06
2.455299888197893742e+06
2.455299888890984003e+06
2.455299888896099757e+06
2.455299889589652885e+06
2.455299890279965475e+06
2.455299890974085778e+06
2.455299891674004495e+06
2.455299891673576552e+06
2.455299892368171364e+06
2.455299893062870484e+06
2.455299893751909491e+06
2.455300660419548396e+06
2.455300661118067335e+06
2.455300661117522977e+06
2.455300661807592493e+06
2.455300662507152651e+06
2.455300662506481633e+06
2.455300663201191928e+06
2.455300663895428181e+06
2.455300664585509337e+06
2.455300664590162225e+06
2.455300665284988470e+06
2.455300665980497841e+06
2.455300665978669189e+06
2.455300666673379485e+06
2.455300760417419020e+06
2.455300760423229076e+06
2.455300761118518654e+06
2.455300761812523007e+06
2.455300762502025347e+06
2.455300762502742931e+06
2.455300763201261405e+06
2.455300763895856682e+06
2.455300763895648066e+06
2.455300764589433093e+06
2.455300765280080959e+06
2.455300765285312664e+06
2.455300765979907475e+06
2.455300766673102044e+06
2.455300893060115632e+06
2.455300893056099769e+06
2.455300893758900464e+06
2.455300894451180473e+06
2.455300894450740889e+06
2.455300895141053014e+06
2.455300895835868083e+06
2.455300895840173587e+06
2.455300896534884349e+06
2.455300897227962967e+06
2.455300897926030215e+06
2.455300897927789483e+06
2.455300898619375192e+06
2.455300899312800728e+06
2.455301784731481690e+06
2.455301785428159870e+06
2.455301786121932790e+06
2.455301786816180684e+06
2.455301786812268663e+06
2.455301787511030212e+06
2.455301788194502238e+06
2.455301788205173798e+06
2.455301788895370439e+06
2.455301789589838125e+06
2.455301789589988533e+06
2.455301790288738441e+06
2.455301790972916875e+06
2.455301791678148322e+06
2.455301879869942088e+06
2.455301879867534619e+06
2.455301880566643551e+06
2.455301881260995287e+06
2.455301881953032222e+06
2.455301881951099727e+06
2.455301882645451464e+06
2.455301883344675880e+06
2.455301883333703503e+06
2.455301884039178025e+06
2.455301884733182844e+06
2.455301884730891325e+06
2.455301885417384095e+06
2.455301886111226864e+06
2.455304615283020772e+06
2.455304615983043797e+06
2.455304616673240904e+06
2.455304617362152785e+06
2.455304617372361012e+06
2.455304618064872455e+06
2.455304618761308026e+06
2.455304618761458434e+06
2.455304619451064616e+06
2.455304620140439831e+06
2.455304620149965398e+06
2.455304620833437424e+06
2.455304621534282342e+06
2.455304622224930674e+06
2.455304742370671127e+06
2.455304743056921288e+06
2.455304743060647976e+06
2.455304743754433002e+06
2.455304744448437355e+06
2.455304745143032633e+06
2.455304745143634267e+06
2.455304745844016317e+06
2.455304746539062355e+06
2.455304746531909797e+06
2.455304747226273175e+06
2.455304747920624912e+06
2.455304747920891270e+06
2.455304748615705874e+06
2.455304804871388711e+06
2.455304805560428184e+06
2.455304806255821604e+06
2.455304806948448997e+06
2.455304806949166581e+06
2.455304807643067092e+06
2.455304808338460512e+06
2.455304808336284943e+06
2.455304809032499790e+06
2.455304809727198910e+06
2.455304809733715374e+06
2.455304810421006754e+06
2.455304811116064899e+06
2.455304811809027568e+06
2.455305727787245531e+06
2.455305728482766077e+06
2.455305729176192079e+06
2.455305729175173678e+06
2.455305729864676017e+06
2.455305730565161910e+06
2.455305730559178162e+06
2.455305731250983663e+06
2.455305731951828580e+06
2.455305732647800818e+06
2.455305732647939585e+06
2.455305733342187479e+06
2.455305734031446744e+06
2.455305734037962742e+06
2.455315776396134403e+06
2.455315777093159501e+06
2.455315777087291703e+06
2.455315777779803146e+06
2.455315778482384048e+06
2.455315779170381837e+06
2.455315779862777796e+06
2.455315780566053465e+06
2.455315781260416843e+06
2.455315781260335818e+06
2.455315827085879631e+06
2.455315829168993048e+06
2.455315829867627472e+06
2.455315830556550995e+06
2.455315831260289531e+06
2.455315831954999827e+06
2.455315832649247721e+06
2.455315832643610891e+06
2.455315833336701617e+06
2.455315834031296428e+06
2.455315834725080989e+06
2.455315902087777853e+06
2.455315902788391337e+06
2.455315903477083426e+06
2.455315904170405120e+06
2.455315904863147996e+06
2.455315905560058076e+06
2.455315906254305504e+06
2.455315906254571863e+06
2.455315906947777607e+06
2.455315907642025501e+06
2.455315908344143536e+06
2.455315909038391430e+06
2.455315909726967569e+06
2.455315910420868080e+06
2.455315911114768591e+06
2.455315911121516023e+06
2.455315911809513811e+06
2.455315912503877189e+06
2.455315913198819384e+06
2.455315915975011420e+06
2.455315916670763865e+06
2.455315916672187392e+06
2.455315917371643707e+06
2.455315918060451280e+06
2.455315918753772974e+06
2.455315919449062552e+06
2.455315920143194497e+06
2.455315920836863574e+06
2.455315921531111002e+06
2.455320585425347090e+06
2.455320586120752152e+06
2.455320586814305745e+06
2.455320587509363424e+06
2.455320587509745266e+06
2.455320588200625032e+06
2.455320588893367909e+06
2.455320589593287092e+06
2.455320590287187602e+06
2.455320590981088113e+06
2.455320591676493175e+06
2.455320591676064767e+06
2.455320592367650475e+06
2.455320593060046434e+06
2.455320593759386800e+06
2.455320594453286845e+06
2.455320595148807857e+06
2.455320595842245501e+06
2.455320596537419129e+06
2.455320596532129683e+06
2.455320597226377111e+06
2.455320597926180344e+06
2.455320598620995414e+06
2.455320599314548541e+06
2.455320600004398264e+06
2.455320668753437698e+06
2.455320669455428142e+06
2.455320670148402918e+06
2.455320670147847384e+06
2.455320670841979329e+06
2.455320671532395761e+06
2.455320671538900584e+06
2.455320672231064644e+06
2.455320672926805448e+06
2.455320673619895708e+06
2.455320673620381858e+06
2.455320674315312412e+06
2.455320675004467368e+06
2.455320675009583123e+06
2.455320675704629626e+06
2.455320676398645621e+06
2.455320676398437470e+06
2.455320677089780103e+06
2.455320677782060113e+06
2.455320678481736220e+06
2.455320678481076378e+06
2.455320679176006932e+06
2.455320679863067344e+06
2.455320679865416605e+06
2.455320680565208197e+06
2.455320681258981582e+06
2.455320681259131990e+06
2.455320681950590108e+06
2.455320682640659623e+06
2.455320682650416624e+06
2.455320683342106640e+06
2.455320684036470018e+06
2.455320684731169138e+06
2.455320684729803354e+06
2.455320728479953483e+06
2.455320729175578803e+06
2.455320729171678424e+06
2.455320729865567293e+06
2.455320730564328842e+06
2.455320730565046426e+06
2.455320731258703861e+06
2.455320731949363369e+06
2.455320731949155219e+06
2.455320732649062295e+06
2.455320733343310189e+06
2.455320734036851674e+06
2.455320734034687281e+06
2.455320734726608731e+06
2.455320735426400322e+06
2.455320735425972380e+06
2.455320736121365800e+06
2.455320736814108677e+06
2.455320736809965223e+06
2.455320737504201476e+06
2.455320738204467576e+06
2.455320738899050746e+06
2.455320738897453528e+06
2.455320739592048805e+06
2.455320740282233804e+06
2.455321591672129463e+06
2.455321592368113343e+06
2.455321593063391279e+06
2.455321593063182663e+06
2.455321593757430557e+06
2.455321594449583441e+06
2.455321594446365722e+06
2.455321595145590138e+06
2.455321595840405207e+06
2.455321596529664472e+06
2.455321596529698931e+06
2.455321597230532207e+06
2.455321597923506983e+06
2.455321597927696537e+06
2.455321598617419135e+06
2.455321599308310077e+06
2.455321599313078914e+06
2.455321600007546134e+06
2.455321600701446645e+06
2.455321601395682897e+06
2.455321601393275429e+06
2.455321602085208520e+06
2.455321602784073912e+06
2.455321602784108836e+06
2.455321603478345089e+06
2.455321661813576240e+06
2.455321661813148297e+06
2.455321662503333297e+06
2.455321663196770940e+06
2.455321663197372574e+06
2.455321663889988326e+06
2.455321664589907508e+06
2.455321665284259245e+06
2.455321665279768407e+06
2.455321665974131785e+06
2.455321666674618144e+06
2.455321666668506805e+06
2.455321667368425988e+06
2.455321668063009158e+06
2.455321668061770964e+06
2.455321668756932952e+06
2.455321669451053254e+06
2.455321670140902977e+06
2.455321670140810311e+06
2.455321670835393481e+06
2.455321671533923596e+06
2.455321671534178313e+06
2.455321672228761483e+06
2.455321722222673707e+06
2.455321722229178064e+06
2.455321722923310008e+06
2.455321723617777694e+06
2.455321723618391436e+06
2.455321724307534751e+06
2.455321725002233870e+06
2.455321725700648036e+06
2.455321725696389098e+06
2.455321726395485923e+06
2.455321727090081200e+06
2.455321727090682834e+06
2.455321727785034571e+06
2.455321728474074043e+06
2.455321728474212810e+06
2.455321729173888918e+06
2.455321729868368246e+06
2.455321730557511561e+06
2.455321730557534844e+06
2.455321731257916894e+06
2.455321731951342430e+06
2.455321731951018330e+06
2.455321732646076474e+06
2.455322583344166633e+06
2.455322583340601996e+06
2.455322584035544191e+06
2.455322584729433060e+06
2.455322584730960429e+06
2.455322585423935205e+06
2.455322586117940024e+06
2.455322586807441898e+06
2.455322586808043998e+06
2.455322587506793905e+06
2.455322588201377541e+06
2.455322588201990817e+06
2.455322588895069435e+06
2.455322589585138950e+06
2.455322589589687530e+06
2.455322590284849517e+06
2.455322590979548637e+06
2.455322590978773311e+06
2.455322591673125047e+06
2.455322592362963129e+06
2.455322593057905324e+06
2.455322593060242943e+06
2.455322593757256866e+06
2.455323570140509401e+06
2.455323570148761384e+06
2.455323570841493085e+06
2.455323571533067152e+06
2.455323572227430530e+06
2.455323572231620550e+06
2.455323572926330846e+06
2.455323573621029966e+06
2.455323573617117945e+06
2.455323574315879494e+06
2.455323575010463130e+06
2.455323575009791646e+06
2.455323575699641369e+06
2.455323576393993106e+06
2.455323577093205880e+06
2.455323577093588188e+06
2.455323577787939925e+06
2.455323578477314673e+06
2.455323578478391282e+06
2.455323579177141190e+06
2.455323579866400454e+06
2.455323579866319429e+06
2.455323580565416720e+06
2.455323643758692313e+06
2.455323644452129491e+06
2.455323645144166891e+06
2.455323645145694260e+06
2.455323645843067206e+06
2.455323646538113244e+06
2.455323647231655195e+06
2.455323647224861197e+06
2.455323647922106553e+06
2.455323648620856460e+06
2.455323648616261780e+06
2.455323649312234018e+06
2.455323650010289159e+06
2.455323650009629782e+06
2.455323650704444386e+06
2.455323651398113463e+06
2.455323652088414412e+06
2.455323652088669129e+06
2.455323652788819280e+06
2.455323653481782414e+06
2.455323653477291577e+06
2.455323654171770904e+06
2.455323654871099629e+06
2.455323722922766116e+06
2.455323723620706238e+06
2.455323724314942025e+06
2.455323724316597451e+06
2.455323725005046465e+06
2.455323725700104143e+06
2.455323725695729256e+06
2.455323726399687584e+06
2.455323727093703579e+06
2.455323727784699295e+06
2.455323727782997768e+06
2.455323728478854056e+06
2.455323729166956153e+06
2.455323729177407455e+06
2.455323729870717507e+06
2.455323730560787022e+06
2.455323730561168864e+06
2.455323731255289167e+06
2.455323731949525420e+06
2.455323731949560344e+06
2.455323732649120502e+06
2.455324560417071916e+06
2.455324561121840496e+06
2.455324561816203874e+06
2.455324562510115560e+06
2.455324562505266163e+06
2.455324563200312667e+06
2.455324563900335692e+06
2.455324563898622524e+06
2.455324564592985902e+06
2.455324565282939933e+06
2.455324565282974392e+06
2.455324565982071683e+06
2.455324566676307935e+06
2.455324566676574294e+06
2.455324567368379794e+06
2.455324568060879596e+06
2.455324568760682829e+06
2.455324568761168979e+06
2.455324569454479031e+06
2.455324570140740834e+06
2.455324570149213076e+06
2.455324570838703774e+06
2.455324571533067152e+06
2.455324629871434998e+06
2.455324630566018634e+06
2.455324630565821659e+06
2.455324631256238557e+06
2.455324631954988465e+06
2.455324631955022924e+06
2.455324632648796309e+06
2.455324633336446714e+06
2.455324633339016233e+06
2.455324634033599403e+06
2.455324634732812643e+06
2.455324635427291505e+06
2.455324635426735971e+06
2.455324636120983865e+06
2.455324636816840153e+06
2.455324636815358885e+06
2.455324637506944593e+06
2.455324638199675828e+06
2.455324638200624846e+06
2.455324638898923527e+06
2.455324639593738597e+06
2.455324640287511516e+06
2.455324640287661925e+06
2.455324718058368191e+06
2.455324718761065044e+06
2.455324718760740943e+06
2.455324719454062637e+06
2.455324720144132152e+06
2.455324720841261558e+06
2.455324720838865731e+06
2.455324721533101983e+06
2.455324722231967375e+06
2.455324722231886350e+06
2.455324722926932853e+06
2.455324723621064797e+06
2.455324723621898331e+06
2.455324724310810212e+06
2.455324725005405024e+06
2.455324725704733748e+06
2.455324725704537239e+06
2.455324726399351843e+06
2.455324727090821601e+06
2.455324727088646032e+06
2.455324727782997768e+06
2.455324728480821941e+06
2.455324728477962781e+06
2.455325545843622647e+06
2.455325546538321767e+06
2.455325546533611137e+06
2.455325547227731440e+06
2.455325547927419189e+06
2.455325547927557956e+06
2.455325548621678259e+06
2.455325549312337767e+06
2.455325549310972448e+06
2.455325550005324185e+06
2.455325550704317167e+06
2.455325551398437470e+06
2.455325551394409500e+06
2.455325552088773344e+06
2.455325552788680419e+06
2.455325552787789144e+06
2.455325553477511741e+06
2.455325554173830897e+06
2.455325554177222308e+06
2.455325554871574044e+06
2.455325555566041730e+06
2.455325556260057725e+06
2.455325556255567353e+06
2.455325616669363342e+06
2.455325616674027871e+06
2.455325617366643623e+06
2.455325618066446856e+06
2.455325618065543938e+06
2.455325618760486133e+06
2.455325619451365899e+06
2.455325620144444518e+06
2.455325620144235902e+06
2.455325620838599745e+06
2.455325621533182915e+06
2.455325621538310312e+06
2.455325622227685060e+06
2.455325622922037262e+06
2.455325622927627526e+06
2.455325623611562420e+06
2.455325624315289315e+06
2.455325625010011718e+06
2.455325625005509239e+06
2.455325625699860975e+06
2.455325626399201341e+06
2.455325626399456058e+06
2.455325627093113493e+06
2.455325716672962997e+06
2.455325717366388999e+06
2.455325718060983811e+06
2.455325718062280212e+06
2.455325718755474314e+06
2.455325719450416509e+06
2.455325719454606529e+06
2.455325720148495398e+06
2.455325720843206160e+06
2.455325721536053345e+06
2.455325721533298492e+06
2.455325722227661870e+06
2.455325722927916795e+06
2.455325722927592695e+06
2.455325723620798439e+06
2.455325724316307809e+06
2.455325724315647967e+06
2.455325725008727051e+06
2.455325725699722301e+06
2.455325726394317113e+06
2.455325726399316918e+06
2.455325727093437687e+06
2.455325727788611315e+06
2.455326560417175759e+06
2.455326561111412011e+06
2.455326561121620238e+06
2.455326561814595014e+06
2.455326562505358830e+06
2.455326562506539281e+06
2.455326563199629541e+06
2.455326563894328661e+06
2.455326563899456058e+06
2.455326564589525573e+06
2.455326565288391430e+06
2.455326565977546386e+06
2.455326565977453720e+06
2.455326566676678136e+06
2.455326567371840123e+06
2.455326567366886418e+06
2.455326568066458218e+06
2.455326568760578521e+06
2.455326568755393382e+06
2.455326569451029878e+06
2.455326570145497564e+06
2.455326570844710805e+06
2.455326570843819529e+06
2.455326649306562729e+06
2.455326649316423573e+06
2.455326650005219970e+06
2.455326650703287218e+06
2.455326651394166518e+06
2.455326651394652668e+06
2.455326652093761601e+06
2.455326652787997853e+06
2.455326652787569445e+06
2.455326653480995446e+06
2.455326654171990696e+06
2.455326654171678238e+06
2.455326654872396030e+06
2.455326655566400383e+06
2.455326656255439855e+06
2.455326656260555610e+06
2.455326656955138780e+06
2.455326657649618108e+06
2.455326657648831140e+06
2.455326658335671294e+06
2.455326659038703889e+06
2.455326659035254735e+06
2.455326659731932916e+06
2.455326718760937452e+06
2.455326719449849334e+06
2.455326719454282429e+06
2.455326720149907283e+06
2.455326720843113493e+06
2.455326720838738605e+06
2.455326721534247510e+06
2.455326722227453720e+06
2.455326722222268581e+06
2.455326722926458344e+06
2.455326723620590288e+06
2.455326724310659803e+06
2.455326724310798571e+06
2.455326725005972199e+06
2.455326725700092502e+06
2.455326725703819655e+06
2.455326726398529951e+06
2.455326727093691938e+06
2.455326727094421163e+06
2.455326727786226664e+06
2.455326728477453813e+06
2.455326729177951347e+06
2.455326729177743196e+06
2.455327564587685280e+06
2.455327564594189636e+06
2.455327565282997675e+06
2.455327565977465361e+06
2.455327565972395707e+06
2.455327566676481627e+06
2.455327567371064797e+06
2.455327567366817035e+06
2.455327568060821854e+06
2.455327568756099325e+06
2.455327569455208257e+06
2.455327569455000106e+06
2.455327570145763922e+06
2.455327570838854183e+06
2.455327570838646032e+06
2.455327571537176147e+06
2.455327572233379818e+06
2.455327572232824285e+06
2.455327572923599742e+06
2.455327573616330978e+06
2.455327574312071782e+06
2.455327574312916491e+06
2.455327575010393746e+06
2.455327652086041868e+06
2.455327652089780197e+06
2.455327652788298670e+06
2.455327653482199181e+06
2.455327654176550917e+06
2.455327654176226817e+06
2.455327654866539408e+06
2.455327655561007094e+06
2.455327655562303029e+06
2.455327656255625188e+06
2.455327656950902659e+06
2.455327656951157376e+06
2.455327657649108674e+06
2.455327658343692310e+06
2.455327659038634039e+06
2.455327659037963022e+06
2.455327659732083324e+06
2.455327660421933047e+06
2.455327660421955865e+06
2.455327661121064797e+06
2.455327661815301050e+06
2.455327661810810212e+06
2.455327662510382012e+06
2.455327731945219915e+06
2.455327732649062295e+06
2.455327733338680584e+06
2.455327733344259206e+06
2.455327734039085452e+06
2.455327734732511453e+06
2.455327734729294199e+06
2.455327735422499944e+06
2.455327736121944617e+06
2.455327736815486103e+06
2.455327736815752462e+06
2.455327737509525381e+06
2.455327738199826330e+06
2.455327738199861255e+06
2.455327738889698870e+06
2.455327739593784790e+06
2.455327739593460690e+06
2.455327740283067338e+06
2.455327740979629569e+06
2.455327741677916609e+06
2.455328550002175849e+06
2.455328550704513676e+06
2.455328551398287062e+06
2.455328551399826538e+06
2.455328552093020640e+06
2.455328552782858722e+06
2.455328552783009131e+06
2.455328553482685238e+06
2.455328554177847225e+06
2.455328554177418817e+06
2.455328554866215214e+06
2.455328555566238239e+06
2.455328556260138750e+06
2.455328556259814650e+06
2.455328556954398286e+06
2.455328557644132059e+06
2.455328557644039392e+06
2.455328558344652876e+06
2.455328559038078878e+06
2.455328559037986211e+06
2.455328559731770772e+06
2.455328560427974444e+06
2.455328561120821629e+06
2.455328648622314911e+06
2.455328648616435006e+06
2.455328649310798384e+06
2.455328650010474492e+06
2.455328650704710744e+06
2.455328650704166852e+06
2.455328651398055721e+06
2.455328652089178097e+06
2.455328652093599550e+06
2.455328652783437632e+06
2.455328653477453627e+06
2.455328654171921313e+06
2.455328654171828646e+06
2.455328654871169012e+06
2.455328655564132147e+06
2.455328655560798477e+06
2.455328656255277805e+06
2.455328656954259146e+06
2.455328656954872888e+06
2.455328657645173836e+06
2.455328658339062706e+06
2.455328659037360922e+06
2.455328659038194455e+06
2.455328764588356484e+06
2.455328765284444671e+06
2.455328765282974578e+06
2.455328765977326315e+06
2.455328766676782630e+06
2.455328766677731648e+06
2.455328767371273134e+06
2.455328768060659524e+06
2.455328768065775279e+06
2.455328768760127481e+06
2.455328769454143476e+06
2.455328770148726646e+06
2.455328770143888891e+06
2.455328770838483702e+06
2.455328771532951389e+06
2.455328771538541652e+06
2.455328772231736220e+06
2.455328772927129641e+06
2.455328772925659548e+06
2.455328773617696948e+06
2.455328774310544133e+06
2.455328775008032564e+06
2.455328775005162228e+06
2.455334584731527604e+06
2.455334585426354315e+06
2.455334585427766200e+06
2.455334586116342805e+06
2.455334586810925975e+06
2.455334586815231480e+06
2.455334587510289159e+06
2.455334588204178028e+06
2.455334588898761664e+06
2.455334588894051034e+06
2.455334589593958110e+06
2.455334590289120562e+06
2.455334590286377352e+06
2.455334590977372602e+06
2.455334591671956237e+06
2.455334591676504817e+06
2.455334592371087987e+06
2.455334593066377100e+06
2.455334593755289447e+06
2.455334593752766028e+06
2.455334594449791592e+06
2.455334595149236266e+06
2.455334595144629478e+06
2.455334677089988254e+06
2.455334677788634319e+06
2.455334678482175805e+06
2.455334678477569483e+06
2.455334679172048811e+06
2.455334679866979364e+06
2.455334679872095119e+06
2.455334680565879680e+06
2.455334681259074248e+06
2.455334681949618272e+06
2.455334681949872524e+06
2.455334682649548631e+06
2.455334683344143443e+06
2.455334683341735974e+06
2.455334684033194557e+06
2.455334684727441985e+06
2.455334684732210822e+06
2.455334685426909942e+06
2.455334686120925937e+06
2.455334686811110936e+06
2.455334686810682993e+06
2.455334687505266163e+06
2.455334688194652554e+06
2.455334750007870141e+06
2.455334750704074278e+06
2.455334751394270919e+06
2.455334751394178253e+06
2.455334752094560303e+06
2.455334752787638921e+06
2.455334753477477003e+06
2.455334753477742895e+06
2.455334754178113304e+06
2.455334754871191923e+06
2.455334754867291544e+06
2.455334755565115716e+06
2.455334756260625087e+06
2.455334756259733811e+06
2.455334756949803326e+06
2.455334757644155063e+06
2.455334758343610913e+06
2.455334758338657208e+06
2.455334759038923774e+06
2.455334759727488272e+06
2.455334759727523196e+06
2.455334760427893605e+06
2.455334761121782474e+06
2.455335575005520601e+06
2.455335575699641369e+06
2.455335575695381965e+06
2.455335576389397960e+06
2.455335577088842634e+06
2.455335577783668879e+06
2.455335577780335676e+06
2.455335578472835477e+06
2.455335579176458530e+06
2.455335579172430560e+06
2.455335579869559966e+06
2.455335580560567323e+06
2.455335581255265977e+06
2.455335581250544172e+06
2.455335581949305721e+06
2.455335582644351758e+06
2.455335582643807866e+06
2.455335583338044118e+06
2.455335584028345067e+06
2.455335584032662213e+06
2.455335584727824200e+06
2.455335585417083465e+06
2.455335586111562327e+06
2.455335652782696765e+06
2.455335653477279935e+06
2.455335654172569513e+06
2.455335654167615809e+06
2.455335654861631803e+06
2.455335655563159846e+06
2.455335656255544163e+06
2.455335656255578622e+06
2.455335656949930359e+06
2.455335657644629478e+06
2.455335657639455982e+06
2.455335658339594956e+06
2.455335659033367876e+06
2.455335659034097102e+06
2.455335659727175720e+06
2.455335660417141393e+06
2.455335661116585601e+06
2.455335661116724368e+06
2.455335661811203696e+06
2.455335662505323999e+06
2.455335662500486244e+06
2.455335663196701556e+06
2.455335663894178346e+06
2.455335731259560212e+06
2.455335731949513778e+06
2.455335732644340489e+06
2.455335732644247822e+06
2.455335733336064965e+06
2.455335734039213043e+06
2.455335734033796471e+06
2.455335734728391282e+06
2.455335735421932768e+06
2.455335736117094755e+06
2.455335736116666812e+06
2.455335736811249983e+06
2.455335737500636373e+06
2.455335737505636644e+06
2.455335738200219814e+06
2.455335738894583192e+06
2.455335738893912174e+06
2.455335739588263910e+06
2.455335740286909509e+06
2.455335740977905225e+06
2.455335740977581125e+06
2.455335741667430382e+06
2.455335742367569357e+06
2.455337506950590294e+06
2.455337507639398333e+06
2.455337508339536842e+06
2.455337509033657610e+06
2.455337509032766335e+06
2.455337509730937425e+06
2.455337510417534504e+06
2.455337510421504732e+06
2.455337511116099544e+06
2.455337511810914148e+06
2.455337511811180506e+06
2.455337512505648192e+06
2.455337513194907457e+06
2.455337513889722060e+06
2.455337513889409602e+06
2.455337514589664526e+06
2.455337515282974578e+06
2.455337515282777604e+06
2.455337515976088122e+06
2.455337516667314805e+06
2.455337516667117830e+06
2.455337517366678454e+06
2.455337518060219940e+06
2.455337681250752416e+06
2.455337681945220102e+06
2.455337681950103957e+06
2.455337682643773034e+06
2.455337683338009287e+06
2.455337683334097266e+06
2.455337684028229211e+06
2.455337684728252236e+06
2.455337685421678238e+06
2.455337685419050977e+06
2.455337686111666728e+06
2.455337686806134414e+06
2.455337686812534928e+06
2.455337687505382113e+06
2.455337688199617900e+06
2.455337688194918912e+06
2.455337688889618032e+06
2.455337689588599373e+06
2.455337690280879848e+06
2.455337690278356429e+06
2.455337690977569669e+06
2.455337691671585664e+06
2.455337691668136511e+06
2.455338480561087839e+06
2.455338481255208142e+06
2.455338481255243067e+06
2.455338481945081148e+06
2.455338482639548834e+06
2.455338482643981464e+06
2.455338483338680584e+06
2.455338484039294068e+06
2.455338484034803230e+06
2.455338484727430623e+06
2.455338485421782359e+06
2.455338486116481479e+06
2.455338486116400454e+06
2.455338486810405273e+06
2.455338487509733997e+06
2.455338487500393298e+06
2.455338488200185355e+06
2.455338488894999959e+06
2.455338488898969721e+06
2.455338489588692319e+06
2.455338490278183017e+06
2.455338490972661879e+06
2.455338490981018636e+06
2.455338603479340207e+06
2.455338603477407247e+06
2.455338604167129844e+06
2.455338604861597065e+06
2.455338604867187329e+06
2.455338605561539531e+06
2.455338606254976708e+06
2.455338606947708409e+06
2.455338606944953557e+06
2.455338607639548834e+06
2.455338608333900571e+06
2.455338608339826576e+06
2.455338609033032320e+06
2.455338609727384057e+06
2.455338609727870207e+06
2.455338610417719930e+06
2.455338611111492850e+06
2.455338611805960536e+06
2.455338611811319366e+06
2.455338612504976802e+06
2.455338613199328538e+06
2.455338613200405147e+06
2.455338613894872833e+06
2.455338731953599490e+06
2.455338732639629859e+06
2.455338732640243135e+06
2.455338733333784621e+06
2.455338734028263949e+06
2.455338734727488365e+06
2.455338735422418918e+06
2.455338735418518540e+06
2.455338736111724749e+06
2.455338736806191970e+06
2.455338737505185418e+06
2.455338738200474530e+06
2.455338738194942009e+06
2.455338738889536820e+06
2.455338739588645753e+06
2.455338740283344872e+06
2.455338740282685030e+06
2.455338740973691922e+06
2.455338741667812690e+06
2.455340534729930572e+06
2.455340535419316962e+06
2.455340536111817230e+06
2.455340536111840047e+06
2.455340536811064929e+06
2.455340537507731467e+06
2.455340537506018300e+06
2.455340538195405155e+06
2.455340538889756892e+06
2.455340539584120270e+06
2.455340539589351974e+06
2.455340540284629446e+06
2.455340540977604222e+06
2.455340540972881950e+06
2.455340541667129844e+06
2.455340542361944448e+06
2.455340542361851782e+06
2.455340543061539531e+06
2.455340543757164385e+06
2.455340544452453498e+06
2.455340544449699111e+06
2.455340545139652677e+06
2.455340545834016055e+06
2.455340620835949201e+06
2.455340621533541474e+06
2.455340621531828772e+06
2.455340622222951613e+06
2.455340622917997651e+06
2.455340623617326375e+06
2.455340623616782483e+06
2.455340624312407337e+06
2.455340625011053402e+06
2.455340625000891276e+06
2.455340625695127528e+06
2.455340626394467428e+06
2.455340626395185012e+06
2.455340627089073882e+06
2.455340627783784643e+06
2.455340628473043907e+06
2.455340628472951241e+06
2.455340629167314619e+06
2.455340629861898255e+06
2.455340629867014010e+06
2.455340630561724305e+06
2.455340631255729124e+06
2.455340631255995482e+06
2.455340711119004525e+06
2.455340711116828490e+06
2.455340711806435138e+06
2.455340712500683032e+06
2.455340712505567353e+06
2.455340713195069227e+06
2.455340713890231680e+06
2.455340714588865638e+06
2.455340714589479379e+06
2.455340715282904916e+06
2.455340715974132065e+06
2.455340715978449211e+06
2.455340716672338080e+06
2.455340717366110999e+06
2.455340717365683056e+06
2.455340718056330923e+06
2.455340718750567175e+06
2.455340719450254459e+06
2.455340719450509176e+06
2.455340720144872554e+06
2.455340720838761423e+06
2.455340720838437323e+06
2.455340721532800701e+06
2.455341486113055609e+06
2.455341486810995266e+06
2.455341487504768651e+06
2.455341488194849342e+06
2.455341488194988575e+06
2.455341488894664217e+06
2.455341489588101860e+06
2.455341489588356577e+06
2.455341490278310142e+06
2.455341490972789470e+06
2.455341490978368092e+06
2.455341491672731470e+06
2.455341492363148369e+06
2.455341493056111038e+06
2.455341493058796506e+06
2.455341493750613648e+06
2.455341494444965385e+06
2.455341494449513964e+06
2.455341495144213084e+06
2.455341495839375071e+06
2.455341495834548492e+06
2.455341496533530299e+06
2.455341497225798666e+06
2.455341613197477069e+06
2.455341613194953650e+06
2.455341613895451184e+06
2.455341614594201557e+06
2.455341615282650571e+06
2.455341615278286859e+06
2.455341615974375047e+06
2.455341616668032482e+06
2.455341616667257156e+06
2.455341617367164232e+06
2.455341618061180692e+06
2.455341618060277775e+06
2.455341618756250013e+06
2.455341619449560065e+06
2.455341620142881759e+06
2.455341620139548555e+06
2.455341620839236304e+06
2.455341621533819474e+06
2.455341621532222256e+06
2.455341622223923448e+06
2.455341622921400238e+06
2.455341623616099358e+06
2.455341623616250232e+06
2.455341738895266317e+06
2.455341738889386412e+06
2.455341739584085532e+06
2.455341740278333426e+06
2.455341740282522980e+06
2.455341740977916867e+06
2.455341741667534690e+06
2.455341741667326540e+06
2.455341742365960497e+06
2.455341743060671259e+06
2.455341743754907511e+06
2.455341743750648107e+06
2.455341744445127435e+06
2.455341745149317198e+06
2.455341745143912267e+06
2.455341745839768555e+06
2.455341746531805489e+06
2.455341746528252494e+06
2.455341747222835664e+06
2.455341747921817005e+06
2.455341748616527766e+06
2.455341748616551049e+06
2.455341749306620564e+06
2.455342542365972418e+06
2.455342543060567230e+06
2.455342543755046092e+06
2.455342544445011765e+06
2.455342545139490627e+06
2.455342545838599559e+06
2.455342545838518534e+06
2.455342546532419045e+06
2.455342547222963069e+06
2.455342547917222138e+06
2.455342548617256805e+06
2.455342549310347065e+06
2.455342550000775605e+06
2.455342551400034688e+06
2.455342552089074161e+06
2.455342554173703771e+06
2.455342682643634267e+06
2.455342683333946858e+06
2.455342684028645977e+06
2.455342684033414349e+06
2.455342684728587978e+06
2.455342685418426059e+06
2.455342685417071916e+06
2.455342686115937307e+06
2.455342686811099760e+06
2.455342687500601634e+06
2.455342687505601905e+06
2.455342688199490774e+06
2.455342688893854152e+06
2.455342688895034604e+06
2.455342689589039423e+06
2.455342690278425813e+06
2.455342690278101712e+06
2.455342690977673512e+06
2.455342691672951449e+06
2.455342692367882002e+06
2.455342692362592556e+06
2.455342693060648162e+06
2.455342693754768465e+06
2.455342750007233582e+06
2.455342750000439584e+06
2.455342750694791786e+06
2.455342751395405270e+06
2.455342752090914175e+06
2.455342752087002154e+06
2.455342752783680335e+06
2.455342753478263970e+06
2.455342753472615965e+06
2.455342754167094827e+06
2.455342754861562513e+06
2.455342754861469846e+06
2.455342755560578778e+06
2.455342756256666500e+06
2.455342756950220093e+06
2.455342756945034955e+06
2.455342757639502175e+06
2.455342758333865553e+06
2.455342758338749874e+06
2.455342759033217560e+06
2.455342759725266136e+06
2.455342760417187586e+06
2.455342760416978970e+06
2.455349459730601870e+06
2.455349460418136790e+06
2.455349461111689918e+06
2.455349461111724377e+06
2.455349461806203704e+06
2.455349462500451598e+06
2.455349463195740711e+06
2.455349463894502260e+06
2.455349464590601623e+06
2.455349465282754507e+06
2.455349465278854128e+06
2.455349465972870588e+06
2.455349466671863571e+06
2.455349467366110999e+06
2.455349468061169144e+06
2.455349468750555534e+06
2.455349469449433032e+06
2.455349470139629673e+06
2.455349470139548648e+06
2.455349470833912026e+06
2.455349471528506838e+06
2.455349472227268387e+06
2.455349472917337902e+06
2.455349473616215400e+06
2.455349474307222292e+06
2.455349595148958266e+06
2.455349595144941937e+06
2.455349595838842448e+06
2.455349596533321775e+06
2.455349597223402932e+06
2.455349597917291801e+06
2.455349598617095035e+06
2.455349599311805330e+06
2.455349599311261438e+06
2.455349600000648294e+06
2.455349600695011672e+06
2.455349601394826546e+06
2.455349602089062333e+06
2.455349602783657610e+06
2.455349603477442171e+06
2.455349604167291895e+06
2.455349604171840474e+06
2.455349604866087902e+06
2.455349605560682714e+06
2.455349606256087776e+06
2.455349606949988287e+06
2.455349607644236181e+06
2.455349608339293860e+06
2.455349608338738326e+06
2.455349609034722205e+06
2.455349731947014108e+06
2.455349732644074131e+06
2.455349733338321559e+06
2.455349734028518666e+06
2.455349734723344911e+06
2.455349735422222409e+06
2.455349736111724749e+06
2.455349736810949165e+06
2.455349736810520757e+06
2.455349737500717398e+06
2.455349738199132029e+06
2.455349738889560103e+06
2.455349739584027790e+06
2.455349740284062456e+06
2.455349740978425834e+06
2.455349740976492874e+06
2.455349741667847149e+06
2.455349742366377264e+06
2.455349743056111038e+06
2.455349743752442300e+06
2.455349744445185177e+06
2.455349745139433071e+06
2.455349745839236304e+06
2.455349745833946858e+06
2.455350643065867946e+06
2.455350643752233591e+06
2.455350644446481485e+06
2.455350645149641205e+06
2.455350645839606412e+06
2.455350646529803053e+06
2.455350647224166896e+06
2.455350647228830960e+06
2.455350647924698889e+06
2.455350648617789149e+06
2.455350649307638872e+06
2.455350650010902900e+06
2.455350650700983591e+06
2.455350651390949264e+06
2.455350651399896014e+06
2.455350652085694484e+06
2.455350652785034850e+06
2.455350653479977045e+06
2.455350654170752503e+06
2.455350654868356418e+06
2.455350655562025495e+06
2.455350656257199124e+06
2.455350656252013985e+06
2.455350656951585785e+06
2.455350657648495398e+06
2.455350658336493187e+06
2.455350659029814880e+06
2.455350659729733597e+06
2.455350660423865542e+06
2.455350660423669033e+06
2.455351463199722115e+06
2.455351463899409864e+06
2.455351463898981456e+06
2.455351464584536850e+06
2.455351465287812520e+06
2.455351465982164256e+06
2.455351466670046095e+06
2.455351466670428403e+06
2.455351467371724546e+06
2.455351468065625057e+06
2.455351468759988435e+06
2.455351468753877096e+06
2.455351469448356424e+06
2.455351470140740741e+06
2.455351470836030319e+06
2.455351471531435382e+06
2.455351471537592821e+06
2.455351472228483763e+06
2.455351472919479012e+06
2.455351473615000024e+06
2.455351474308784585e+06
2.455351474308807869e+06
2.455351475006180350e+06
2.455351475700891111e+06
2.455351476398946717e+06
2.455351476392037235e+06
2.455351477086273022e+06
2.455351477786307689e+06
2.455351478482754435e+06
2.455351479167731479e+06
2.455351576398518402e+06
2.455351576400057878e+06
2.455351577086654957e+06
2.455351577780775260e+06
2.455351577781157568e+06
2.455351578482233919e+06
2.455351579176817089e+06
2.455351579870949034e+06
2.455351579864722211e+06
2.455351580558495596e+06
2.455351581251122523e+06
2.455351581259942148e+06
2.455351581947465427e+06
2.455351582642060239e+06
2.455351582648911979e+06
2.455351583343379665e+06
2.455351584031146020e+06
2.455351584725960623e+06
2.455351584725521039e+06
2.455351585420115851e+06
2.455352456953240559e+06
2.455352457645057701e+06
2.455352457642997615e+06
2.455352458336423617e+06
2.455352459037962835e+06
2.455352459031620529e+06
2.455352459728171118e+06
2.455352460419409908e+06
2.455352460426724516e+06
2.455352461120960768e+06
2.455352461815555580e+06
2.455352462504467461e+06
2.455352462504039519e+06
2.455352463197476696e+06
2.455352463898888789e+06
2.455352463892199099e+06
2.455352464586446527e+06
2.455352465281030163e+06
2.455352465287881903e+06
2.455352465982233640e+06
2.455352466676597018e+06
2.455352467364351731e+06
2.455352467364733573e+06
2.455352468055844773e+06
2.455352468760034535e+06
2.455352468753344845e+06
2.455352469447939657e+06
2.455352470147152897e+06
2.455352470149027649e+06
2.455352470843275543e+06
2.455352602084027603e+06
2.455352602781284600e+06
2.455352603475636803e+06
2.455352603475775570e+06
2.455352604168402962e+06
2.455352604871203657e+06
2.455352605560925789e+06
2.455352605559456162e+06
2.455352606252766214e+06
2.455352606954409741e+06
2.455352606954444665e+06
2.455352607642083429e+06
2.455352608336562291e+06
2.455352608343298547e+06
2.455352609037881717e+06
2.455352609725532588e+06
2.455352610422661994e+06
2.455352610419571865e+06
2.455352611114270985e+06
2.455352611815914512e+06
2.455352611815602053e+06
2.455352612510648090e+06
2.455352613204421476e+06
2.455352613198784646e+06
2.455352613896145951e+06
2.455352615289143287e+06
2.455352615287777968e+06
2.455352615975891240e+06
2.455353454864687286e+06
2.455353455559386406e+06
2.455353455565671436e+06
2.455353456260138657e+06
2.455353456948588137e+06
2.455353457643182948e+06
2.455353457647141069e+06
2.455353458343113307e+06
2.455353459037824068e+06
2.455353459037731402e+06
2.455353459726064932e+06
2.455353460420428310e+06
2.455353461113622878e+06
2.455353461121053435e+06
2.455353461815648247e+06
2.455353462503749877e+06
2.455353462505393662e+06
2.455353463199872524e+06
2.455353463888993021e+06
2.455353463899224531e+06
2.455353464588148054e+06
2.455353465281921439e+06
2.455353465975578874e+06
2.455353465982326306e+06
2.455353466676678043e+06
2.455353580558402929e+06
2.455353581260046456e+06
2.455353581947928295e+06
2.455353581954895984e+06
2.455353582649131771e+06
2.455353583344652783e+06
2.455353583343402948e+06
2.455353584030474536e+06
2.455353584725752473e+06
2.455353585419525392e+06
2.455353585418634117e+06
2.455353586121203844e+06
2.455353586813367903e+06
2.455353586810844950e+06
2.455353587509942241e+06
2.455353588200706057e+06
2.455353588197731413e+06
2.455353588889652863e+06
2.455353589593391400e+06
2.455353590281724464e+06
2.455353590280937497e+06
2.455353590982129797e+06
2.455353591672893614e+06
2.455353591674548574e+06
2.455353592364502139e+06
2.455353710421446711e+06
2.455353711118344683e+06
2.455353711812129710e+06
2.455353711808796506e+06
2.455353712500833441e+06
2.455353713204456028e+06
2.455353713204479311e+06
2.455353713891770691e+06
2.455353714586481452e+06
2.455353714587442111e+06
2.455353715285845101e+06
2.455353715982164256e+06
2.455353716672013979e+06
2.455353716669953894e+06
2.455353717363726813e+06
2.455353718058321625e+06
2.455353718065405264e+06
2.455353718759988435e+06
2.455353719447870273e+06
2.455353720144073945e+06
2.455353720148958266e+06
2.455353720836261753e+06
2.455353721531886607e+06
2.455353721530879848e+06
2.455353722232175991e+06
2.455354447222754825e+06
2.455354447920231614e+06
2.455354448618414346e+06
2.455354448621215299e+06
2.455354449315567035e+06
2.455354450004490558e+06
2.455354450003356673e+06
2.455354450705000199e+06
2.455354451399132144e+06
2.455354452093367931e+06
2.455354452086909674e+06
2.455354452781620435e+06
2.455354453475161921e+06
2.455354453475301154e+06
2.455354454169201199e+06
2.455354454871192109e+06
2.455354454871227033e+06
2.455354455559097230e+06
2.455354456254838035e+06
2.455354456948854029e+06
2.455354456950960681e+06
2.455354457642534748e+06
2.455354458344421349e+06
2.455354458336574025e+06
2.455354459030694328e+06
2.455354567366041709e+06
2.455354568059236277e+06
2.455354568750578910e+06
2.455354568760092370e+06
2.455354569454456214e+06
2.455354570149039384e+06
2.455354570149062667e+06
2.455354570836469997e+06
2.455354571532673668e+06
2.455354571530497633e+06
2.455354572232384235e+06
2.455354572926735971e+06
2.455354572919583414e+06
2.455354573621342424e+06
2.455354574315578677e+06
2.455354574308194220e+06
2.455354575002326164e+06
2.455354575010566972e+06
2.455354575698206201e+06
2.455354576389791444e+06
2.455354576398946811e+06
2.455354577087291516e+06
2.455354577783379704e+06
2.455354577780624852e+06
2.455354578474050853e+06
2.455354579176620580e+06
2.455354579173414502e+06
2.455354579864757136e+06
2.455354580560613424e+06
2.455354580559710506e+06
2.455355454864791594e+06
2.455355455559375230e+06
2.455355456253032200e+06
2.455355456252141390e+06
2.455355456944988575e+06
2.455355457649305463e+06
2.455355458343310282e+06
2.455355458336504642e+06
2.455355459031099454e+06
2.455355459732164163e+06
2.455355459726168774e+06
2.455355460419837851e+06
2.455355461114074104e+06
2.455355461120925844e+06
2.455355461815405171e+06
2.455355462509756908e+06
2.455355463199826423e+06
2.455355463197546080e+06
2.455355463892129716e+06
2.455355464586134069e+06
2.455355464586284943e+06
2.455355465287928469e+06
2.455355465982048772e+06
2.455355465982430615e+06
2.455355466676666867e+06
2.455355577778147999e+06
2.455355578474930488e+06
2.455355579176701605e+06
2.455355579176608939e+06
2.455355579866446555e+06
2.455355580561273266e+06
2.455355581260023173e+06
2.455355581259815022e+06
2.455355581948507112e+06
2.455355582642627414e+06
2.455355582641377114e+06
2.455355583343263716e+06
2.455355584037847351e+06
2.455355584031516220e+06
2.455355584726562724e+06
2.455355585419872776e+06
2.455355586114236154e+06
2.455355586114837788e+06
2.455355586808263790e+06
2.455355587503553368e+06
2.455355587510057725e+06
2.455355588204641361e+06
2.455355588900277857e+06
2.455355588893356267e+06
2.455355589586550836e+06
2.455355703479849733e+06
2.455355704170960467e+06
2.455355704172962811e+06
2.455355704864421394e+06
2.455355705567106605e+06
2.455355706259965431e+06
2.455355706257801037e+06
2.455355706948796287e+06
2.455355707642916590e+06
2.455355707642013673e+06
2.455355708343321923e+06
2.455355709037789144e+06
2.455355709036423825e+06
2.455355709727662150e+06
2.455355710419930518e+06
2.455355711114050820e+06
2.455355711121261586e+06
2.455355711815266404e+06
2.455355712505463045e+06
2.455355712504097261e+06
2.455355713194629643e+06
2.455355713898831047e+06
2.455355713898854330e+06
2.455355714587187394e+06
2.455355715281898156e+06
2.455358613895705901e+06
2.455358614593310282e+06
2.455358615285821725e+06
2.455358615280879661e+06
2.455358615980682895e+06
2.455358616667060181e+06
2.455358617371261586e+06
2.455358618065856397e+06
2.455358618753506802e+06
2.455358619454687461e+06
2.455358620149050839e+06
2.455358620142256841e+06
2.455358620839050971e+06
2.455358621531215496e+06
2.455358622229513712e+06
2.455358622921215370e+06
2.455358623621365521e+06
2.455358624315844849e+06
2.455358624305648264e+06
2.455358625003171153e+06
2.455358625704478938e+06
2.455358626392245293e+06
2.455358627086145803e+06
2.455358627778194379e+06
2.455358628482395783e+06
2.455358707641018555e+06
2.455358708340242971e+06
2.455358709037280176e+06
2.455358709725972265e+06
2.455358710426932666e+06
2.455358711121064611e+06
2.455358711810578592e+06
2.455358712503437418e+06
2.455358713205902837e+06
2.455358713900034782e+06
2.455358714586643502e+06
2.455358715287951287e+06
2.455358715976076201e+06
2.455358715975300875e+06
2.455358716669895686e+06
2.455358717364375014e+06
2.455358718059212901e+06
2.455358718760289252e+06
2.455358719454652630e+06
2.455358720149027649e+06
2.455358720836909954e+06
2.455358721532083116e+06
2.455358722232349683e+06
2.455358722926828545e+06
2.455358723614490591e+06
2.455359447923345026e+06
2.455359448614710476e+06
2.455359448621319607e+06
2.455359449308854062e+06
2.455359450003101956e+06
2.455359450697801076e+06
2.455359450704433024e+06
2.455359451398796402e+06
2.455359452086782549e+06
2.455359452781249769e+06
2.455359453473761678e+06
2.455359453482245561e+06
2.455359454176828731e+06
2.455359454865173437e+06
2.455359455558263697e+06
2.455359456253194250e+06
2.455359456259942148e+06
2.455359456948286854e+06
2.455359457649467513e+06
2.455359458336307667e+06
2.455359538895891048e+06
2.455359538898819592e+06
2.455359539594571572e+06
2.455359540288113523e+06
2.455359540982245468e+06
2.455359541676608846e+06
2.455359541672002524e+06
2.455359542364398018e+06
2.455359543060381897e+06
2.455359543752418831e+06
2.455359543753148057e+06
2.455359544454444665e+06
2.455359545148923527e+06
2.455359545838541817e+06
2.455359546530810185e+06
2.455359546539294068e+06
2.455359547232152894e+06
2.455359547927210573e+06
2.455359548621099442e+06
2.455359549308402929e+06
